                            Temperature (K) FOR  J A N U A R Y
   
   
           -90    -80    -70    -60    -50    -40    -30    -20    -10    0
   
  0. KM  268.80 268.80 272.00 275.20 281.40 289.50 295.90 298.90 300.50 300.60
  1. KM  262.90 263.20 266.30 269.80 276.30 284.40 290.60 293.50 294.90 295.00
  2. KM  256.90 257.60 260.70 264.40 271.20 279.20 285.30 288.10 289.20 289.30
  3. KM  251.00 252.00 255.00 259.10 266.00 274.10 280.00 282.70 283.60 283.70
  4. KM  245.00 246.40 249.40 253.70 260.90 268.90 274.70 277.30 277.90 278.00
  5. KM  240.80 242.20 244.70 248.60 255.40 263.00 268.60 271.20 271.80 271.90
  6. KM  236.50 238.00 240.10 243.60 249.80 257.00 262.50 265.20 265.60 265.80
  7. KM  233.90 235.20 236.40 238.90 243.80 250.20 255.60 258.50 259.00 259.10
  8. KM  231.40 232.50 232.80 234.20 237.90 243.40 248.80 251.70 252.30 252.50
  9. KM  228.80 229.70 229.10 229.50 231.90 236.60 241.90 245.00 245.70 245.80
 10. KM  226.20 226.90 225.50 224.80 225.90 229.80 235.00 238.30 239.00 239.20
 11. KM  228.00 228.00 226.70 225.30 224.80 226.30 229.20 231.00 231.20 231.20
 12. KM  229.80 229.10 227.80 225.80 223.70 222.80 223.40 223.80 223.30 223.20
 13. KM  231.70 230.30 229.00 226.30 222.50 219.30 217.60 216.50 215.50 215.30
 14. KM  233.50 231.40 230.10 226.80 221.40 215.80 211.80 209.30 207.60 207.30
 15. KM  234.50 232.20 230.90 227.30 221.10 214.40 209.30 206.20 204.30 203.80
 16. KM  235.60 232.90 231.70 227.80 220.80 212.90 206.80 203.10 200.90 200.30
 17. KM  235.90 233.30 232.10 228.20 221.30 213.60 207.70 204.20 202.00 201.30
 18. KM  236.20 233.80 232.40 228.70 221.80 214.20 208.50 205.20 203.10 202.30
 19. KM  236.50 234.20 232.80 229.10 222.30 214.90 209.40 206.30 204.20 203.30
 20. KM  236.80 234.60 233.20 229.60 222.80 215.50 210.20 207.40 205.30 204.30
 21. KM  236.40 234.80 233.30 230.20 224.00 217.50 212.60 209.80 207.90 206.90
 22. KM  236.10 235.00 233.40 230.80 225.30 219.50 215.00 212.10 210.40 209.60
 23. KM  235.70 235.20 233.60 231.40 226.50 221.40 217.30 214.50 213.00 212.20
 24. KM  235.40 235.40 233.70 232.00 227.80 223.40 219.70 216.80 215.50 214.90
 25. KM  236.10 236.40 234.80 233.40 229.60 225.50 221.90 219.00 217.80 217.20
 30. KM  244.50 244.50 244.10 243.70 240.70 236.10 232.00 228.90 227.80 227.20
 35. KM  262.50 261.50 260.20 258.00 254.50 250.50 246.70 243.80 242.10 242.20
 40. KM  277.00 276.20 274.10 271.20 267.60 264.10 260.20 256.50 254.90 255.20
 45. KM  286.10 285.40 282.60 279.10 274.90 271.80 268.50 266.10 263.50 263.30
 50. KM  289.10 288.50 284.40 279.70 275.40 271.40 268.70 267.40 267.80 267.80
 55. KM  280.80 280.40 276.20 271.50 265.90 260.80 258.30 259.00 262.70 263.80
 60. KM  267.10 266.70 262.90 258.70 252.80 247.40 245.00 247.70 252.60 252.90
 65. KM  248.70 247.90 245.00 241.30 235.60 230.10 227.90 230.70 234.10 235.20
 70. KM  226.90 226.40 224.80 222.70 219.00 215.20 214.10 215.90 217.80 218.30
 75. KM  199.60 199.90 199.70 199.80 201.60 204.50 208.20 210.70 210.70 211.30
 80. KM  170.30 171.70 173.60 176.90 184.10 192.90 200.70 204.70 204.80 205.50
 85. KM  147.30 149.80 154.30 161.30 170.90 181.10 189.70 194.90 196.70 197.60
 90. KM  140.40 142.90 147.60 154.80 163.90 173.30 181.50 187.10 189.70 190.50
 95. KM  153.40 155.00 157.80 162.20 167.90 174.00 179.80 184.30 186.90 187.70
100. KM  189.20 189.10 188.30 187.40 186.80 186.80 187.30 187.90 188.10 187.70
105. KM  247.10 245.20 239.60 232.20 224.20 216.70 210.20 204.80 200.30 196.80
110. KM  296.70 293.90 287.90 279.10 268.70 257.70 247.00 237.30 229.00 222.80
115. KM  323.60 323.00 322.90 322.20 320.20 316.80 312.00 306.60 301.50 297.50
120. KM  391.50 391.20 390.60 389.70 388.50 386.90 385.20 383.20 381.10 379.00
   
           -90    -80    -70    -60    -50    -40    -30    -20    -10    0
   
                                     L A T I T U D E
   
   
   
   
   
   
                            Temperature (K) FOR  J A N U A R Y
   
   
           0      10     20     30     40     50     60     70     80     90
   
  0. KM  300.60 300.00 297.10 291.70 284.70 277.70 266.40 254.10 248.60 243.10
  1. KM  295.00 294.50 291.60 285.70 278.30 271.10 260.90 250.20 245.30 240.30
  2. KM  289.30 289.00 286.10 279.70 271.80 264.40 255.50 246.40 241.90 237.50
  3. KM  283.70 283.40 280.60 273.80 265.40 257.80 250.00 242.50 238.60 234.60
  4. KM  278.00 277.90 275.10 267.80 258.90 251.10 244.60 238.70 235.20 231.80
  5. KM  271.90 271.80 268.90 261.50 252.60 245.30 239.60 234.80 231.80 228.80
  6. KM  265.80 265.60 262.80 255.20 246.30 239.40 234.70 230.90 228.30 225.80
  7. KM  259.10 258.90 255.90 248.50 240.10 234.20 230.30 227.00 224.70 222.50
  8. KM  252.50 252.10 249.10 241.90 234.00 229.10 225.90 223.00 221.20 219.30
  9. KM  245.80 245.40 242.20 235.20 227.80 223.90 221.50 219.10 217.60 216.00
 10. KM  239.20 238.60 235.40 228.60 221.60 218.80 217.10 215.20 214.00 212.80
 11. KM  231.20 230.80 228.80 224.50 220.20 218.60 217.10 215.00 213.40 211.90
 12. KM  223.20 223.00 222.10 220.40 218.80 218.40 217.10 214.80 212.90 211.00
 13. KM  215.30 215.30 215.50 216.30 217.50 218.30 217.00 214.50 212.30 210.10
 14. KM  207.30 207.50 208.80 212.20 216.10 218.10 217.00 214.30 211.80 209.20
 15. KM  203.80 204.10 206.00 210.30 215.40 217.90 216.90 213.90 210.90 208.00
 16. KM  200.30 200.70 203.10 208.50 214.70 217.70 216.70 213.60 210.10 206.70
 17. KM  201.30 201.70 204.00 208.90 214.60 217.50 216.40 213.00 209.10 205.10
 18. KM  202.30 202.60 204.90 209.20 214.60 217.20 216.10 212.50 208.00 203.60
 19. KM  203.30 203.60 205.80 209.60 214.50 217.00 215.80 211.90 207.00 202.00
 20. KM  204.30 204.60 206.70 210.00 214.50 216.80 215.50 211.40 205.90 200.40
 21. KM  206.90 207.30 209.00 211.90 215.50 217.10 215.20 210.70 205.10 199.60
 22. KM  209.60 210.00 211.30 213.70 216.50 217.40 214.80 210.00 204.30 198.70
 23. KM  212.20 212.60 213.70 215.60 217.60 217.60 214.50 209.20 203.60 197.90
 24. KM  214.90 215.30 216.00 217.40 218.60 217.90 214.10 208.50 202.80 197.00
 25. KM  217.20 217.70 218.10 219.30 219.90 218.90 215.10 209.60 204.10 198.70
 30. KM  227.20 228.00 228.10 228.50 227.50 226.20 224.70 221.70 219.10 216.50
 35. KM  242.20 242.00 241.80 239.60 237.70 235.60 235.70 235.90 235.90 235.90
 40. KM  255.20 255.20 255.80 254.00 250.00 246.40 246.50 246.70 246.90 247.10
 45. KM  263.30 263.90 264.90 263.30 259.40 253.50 251.80 251.80 251.00 250.30
 50. KM  267.80 267.90 267.00 263.40 259.20 253.50 253.50 255.00 255.40 255.80
 55. KM  263.80 262.10 257.80 251.70 245.30 241.80 244.20 250.30 254.70 259.10
 60. KM  252.90 250.20 244.50 238.70 232.50 230.70 235.00 241.90 247.20 252.50
 65. KM  235.20 233.30 230.80 228.10 226.40 226.50 229.90 233.00 236.80 240.50
 70. KM  218.30 217.70 217.50 219.50 221.20 225.00 227.70 227.30 229.30 231.30
 75. KM  211.30 211.50 212.40 215.60 219.10 223.70 226.30 225.70 227.00 228.20
 80. KM  205.50 206.30 207.70 211.50 215.80 221.40 224.40 224.60 225.80 227.00
 85. KM  197.60 198.60 200.30 203.80 208.10 213.20 217.20 219.60 221.50 223.40
 90. KM  190.50 190.60 191.30 193.50 196.90 201.30 205.60 209.10 211.60 214.10
 95. KM  187.70 187.40 187.10 187.90 189.90 193.20 197.10 200.70 203.30 206.00
100. KM  187.70 187.00 186.70 187.40 189.60 193.20 197.60 201.90 204.90 207.90
105. KM  196.80 194.60 194.30 196.30 200.40 206.10 212.30 217.50 220.90 224.40
110. KM  222.80 219.30 218.80 221.60 226.80 233.00 238.60 242.50 244.60 246.70
115. KM  297.50 295.00 294.30 294.70 295.40 295.40 294.20 292.30 290.60 289.00
120. KM  379.00 376.80 374.70 372.70 371.00 369.40 368.20 367.30 366.70 366.10
   
           0      10     20     30     40     50     60     70     80     90
   
                                     L A T I T U D E
   
   
   
   
   
   
                           Temperature (K) FOR  F E B R U A R Y
   
   
           -90    -80    -70    -60    -50    -40    -30    -20    -10    0
   
  0. KM  267.80 267.80 272.00 276.20 282.20 290.00 296.30 299.50 300.70 300.60
  1. KM  261.40 262.10 265.90 270.40 277.10 285.00 291.00 294.00 295.00 294.90
  2. KM  255.00 256.40 259.80 264.70 271.90 279.90 285.70 288.50 289.30 289.30
  3. KM  248.60 250.60 253.80 258.90 266.80 274.90 280.40 283.00 283.70 283.60
  4. KM  242.20 244.90 247.70 253.20 261.60 269.80 275.10 277.50 278.00 278.00
  5. KM  238.10 240.80 243.10 248.10 256.10 263.90 269.00 271.40 271.80 271.80
  6. KM  234.00 236.60 238.50 243.00 250.50 258.00 262.90 265.30 265.70 265.70
  7. KM  232.20 234.00 235.40 238.60 244.50 251.20 256.10 258.70 259.00 259.00
  8. KM  230.50 231.30 232.30 234.10 238.50 244.30 249.20 252.00 252.40 252.40
  9. KM  228.70 228.70 229.20 229.70 232.50 237.50 242.40 245.40 245.70 245.70
 10. KM  226.90 226.10 226.10 225.30 226.50 230.70 235.50 238.70 239.10 239.10
 11. KM  228.20 227.00 226.80 225.50 225.00 227.00 229.60 231.40 231.30 231.20
 12. KM  229.50 227.90 227.50 225.60 223.60 223.30 223.80 224.00 223.40 223.40
 13. KM  230.70 228.90 228.30 225.80 222.10 219.50 217.90 216.70 215.60 215.50
 14. KM  232.00 229.80 229.00 225.90 220.70 215.80 212.10 209.30 207.70 207.70
 15. KM  232.70 230.40 229.40 226.20 220.20 214.30 209.50 206.20 204.40 204.20
 16. KM  233.40 231.00 229.90 226.40 219.70 212.70 207.00 203.10 201.00 200.70
 17. KM  233.50 231.30 230.10 226.70 220.10 213.30 207.80 204.10 202.10 201.50
 18. KM  233.50 231.60 230.30 227.10 220.60 213.90 208.70 205.20 203.10 202.40
 19. KM  233.60 231.90 230.50 227.40 221.00 214.50 209.50 206.20 204.20 203.20
 20. KM  233.70 232.20 230.70 227.70 221.50 215.10 210.30 207.30 205.30 204.10
 21. KM  233.60 232.30 230.80 228.00 222.50 216.90 212.60 209.70 207.90 206.90
 22. KM  233.50 232.40 230.90 228.30 223.60 218.80 214.90 212.20 210.60 209.60
 23. KM  233.40 232.60 231.00 228.60 224.60 220.60 217.30 214.60 213.20 212.40
 24. KM  233.30 232.70 231.10 228.90 225.70 222.50 219.60 217.10 215.90 215.10
 25. KM  233.90 233.40 231.90 230.00 227.20 224.30 221.70 219.30 218.20 217.60
 30. KM  239.60 239.40 239.10 238.60 236.70 233.80 231.90 229.90 228.90 228.20
 35. KM  254.00 253.80 252.90 251.70 249.90 247.50 245.70 245.20 244.50 244.70
 40. KM  267.20 267.10 265.60 264.00 262.50 261.60 259.00 258.20 259.00 259.90
 45. KM  276.00 276.10 274.30 272.50 270.60 269.00 266.90 267.20 267.60 268.90
 50. KM  278.90 278.80 276.10 273.30 271.50 268.60 267.10 267.40 270.00 271.40
 55. KM  271.00 271.00 267.60 264.30 260.20 256.60 255.70 257.20 261.60 263.10
 60. KM  259.80 259.70 255.50 251.20 245.90 242.70 243.00 246.30 248.20 248.00
 65. KM  243.80 243.60 239.80 235.80 230.90 227.70 228.60 231.30 231.80 231.60
 70. KM  222.60 223.10 221.20 219.80 217.30 216.00 216.20 217.60 217.90 217.60
 75. KM  200.70 201.30 200.80 200.90 203.70 207.20 209.80 210.70 210.40 210.80
 80. KM  177.80 179.10 180.30 182.80 189.80 197.30 202.60 204.10 204.30 205.10
 85. KM  158.00 160.10 163.60 169.30 177.50 185.80 192.10 195.30 196.70 197.50
 90. KM  149.70 151.90 155.70 161.70 169.20 177.00 183.50 187.80 189.90 190.50
 95. KM  158.30 159.70 162.00 165.80 170.50 175.80 180.80 184.70 187.00 187.70
100. KM  187.50 187.60 186.90 186.30 185.90 186.00 186.60 187.40 187.80 187.70
105. KM  238.20 236.40 232.40 226.60 220.10 213.60 207.90 203.30 199.70 197.10
110. KM  286.30 283.80 279.50 272.70 264.00 254.20 244.50 235.80 228.80 224.10
115. KM  321.50 321.00 321.40 321.30 320.00 317.20 313.10 308.50 304.20 301.20
120. KM  391.90 391.70 391.30 390.70 389.90 388.90 387.70 386.40 385.00 383.50
   
           -90    -80    -70    -60    -50    -40    -30    -20    -10    0
   
                                     L A T I T U D E
   
   
   
   
   
   
                           Temperature (K) FOR  F E B R U A R Y
   
   
           0      10     20     30     40     50     60     70     80     90
   
  0. KM  300.60 299.80 296.70 291.20 284.30 277.60 266.50 254.00 247.40 240.80
  1. KM  294.90 294.30 291.20 285.30 277.90 270.90 261.10 250.30 244.50 238.70
  2. KM  289.30 288.90 285.80 279.40 271.50 264.30 255.60 246.60 241.60 236.60
  3. KM  283.60 283.40 280.30 273.50 265.00 257.60 250.20 243.00 238.80 234.60
  4. KM  278.00 278.00 274.90 267.60 258.60 251.00 244.70 239.30 235.90 232.50
  5. KM  271.80 271.90 268.80 261.40 252.40 245.10 239.80 235.40 232.50 229.60
  6. KM  265.70 265.80 262.70 255.10 246.10 239.20 234.90 231.60 229.10 226.70
  7. KM  259.00 259.10 256.00 248.60 240.00 234.20 230.60 227.60 225.30 223.00
  8. KM  252.40 252.30 249.40 242.00 233.80 229.10 226.20 223.60 221.40 219.20
  9. KM  245.70 245.60 242.70 235.50 227.70 224.10 221.90 219.60 217.60 215.50
 10. KM  239.10 238.90 236.00 228.90 221.60 219.00 217.50 215.60 213.70 211.80
 11. KM  231.20 231.10 229.30 224.80 220.30 219.00 217.60 215.40 213.00 210.70
 12. KM  223.40 223.40 222.60 220.70 219.00 218.90 217.70 215.20 212.40 209.60
 13. KM  215.50 215.60 215.90 216.50 217.80 218.90 217.70 215.00 211.70 208.40
 14. KM  207.70 207.90 209.20 212.40 216.50 218.80 217.80 214.80 211.10 207.30
 15. KM  204.20 204.40 206.30 210.60 215.80 218.70 217.80 214.60 210.60 206.60
 16. KM  200.70 201.00 203.40 208.70 215.10 218.60 217.70 214.40 210.10 205.80
 17. KM  201.50 201.90 204.30 209.10 215.00 218.30 217.60 214.30 209.90 205.50
 18. KM  202.40 202.80 205.20 209.50 215.00 218.10 217.40 214.10 209.60 205.10
 19. KM  203.20 203.70 206.10 209.90 214.90 217.80 217.30 214.00 209.40 204.80
 20. KM  204.10 204.60 207.00 210.30 214.80 217.60 217.10 213.80 209.10 204.40
 21. KM  206.90 207.30 209.20 211.90 215.50 217.70 216.90 213.80 209.40 205.00
 22. KM  209.60 209.90 211.30 213.50 216.20 217.80 216.70 213.70 209.60 205.50
 23. KM  212.40 212.60 213.50 215.10 217.00 217.90 216.60 213.70 209.90 206.10
 24. KM  215.10 215.20 215.60 216.70 217.70 218.00 216.40 213.60 210.10 206.60
 25. KM  217.60 217.70 217.80 218.60 218.70 218.40 216.90 214.70 211.50 208.40
 30. KM  228.20 228.80 229.00 228.80 225.10 221.90 222.20 224.00 222.90 221.80
 35. KM  244.70 244.80 244.90 242.40 238.10 232.70 231.90 232.30 231.00 229.70
 40. KM  259.90 260.10 259.60 256.70 252.20 245.50 242.00 239.20 236.70 234.20
 45. KM  268.90 269.30 268.90 265.60 261.10 254.50 249.70 246.80 245.90 244.90
 50. KM  271.40 271.40 269.50 265.10 260.30 254.90 253.30 254.70 257.90 261.10
 55. KM  263.10 262.10 257.60 252.90 246.70 244.30 248.20 256.10 263.90 271.80
 60. KM  248.00 246.40 241.30 237.70 233.30 234.00 240.20 249.30 258.10 266.90
 65. KM  231.60 230.40 228.40 227.10 227.30 229.50 234.40 239.70 245.70 251.70
 70. KM  217.60 217.10 218.20 220.00 222.50 226.20 230.70 231.30 233.70 236.10
 75. KM  210.80 211.60 213.60 215.60 218.80 223.10 226.90 226.50 227.30 228.00
 80. KM  205.10 206.20 208.40 210.10 213.40 217.90 221.30 221.30 221.40 221.50
 85. KM  197.50 198.30 199.80 201.40 204.00 207.20 209.80 210.80 211.50 212.20
 90. KM  190.50 190.50 190.80 191.50 193.00 194.90 196.80 198.20 199.20 200.20
 95. KM  187.70 187.30 186.60 186.30 186.60 187.70 189.30 190.90 192.20 193.50
100. KM  187.70 187.10 186.60 186.60 187.70 189.90 192.80 195.70 197.80 199.90
105. KM  197.10 195.80 196.10 198.20 202.20 207.40 212.70 217.10 220.00 222.90
110. KM  224.10 222.00 223.00 226.80 232.60 239.10 244.60 248.30 250.20 252.10
115. KM  301.20 299.90 300.10 301.40 302.70 303.10 302.30 300.70 299.20 297.70
120. KM  383.50 382.10 380.70 379.40 378.20 377.20 376.40 375.80 375.40 375.00
   
           0      10     20     30     40     50     60     70     80     90
   
                                     L A T I T U D E
   
   
   
   
   
   
                              Temperature (K) FOR  M A R C H
   
   
           -90    -80    -70    -60    -50    -40    -30    -20    -10    0
   
  0. KM  268.60 268.60 271.80 275.00 281.30 289.70 296.00 299.40 301.00 300.90
  1. KM  261.40 262.10 265.40 269.40 276.20 284.50 290.60 293.90 295.30 295.20
  2. KM  254.30 255.50 259.00 263.70 271.10 279.20 285.10 288.40 289.50 289.50
  3. KM  247.10 249.00 252.60 258.10 265.90 274.00 279.70 282.80 283.80 283.80
  4. KM  240.00 242.40 246.20 252.40 260.80 268.70 274.20 277.30 278.00 278.10
  5. KM  235.60 238.00 241.40 247.30 255.20 262.70 268.10 271.20 271.90 271.90
  6. KM  231.10 233.60 236.60 242.10 249.50 256.60 261.90 265.10 265.70 265.80
  7. KM  229.50 231.20 233.40 237.40 243.30 249.70 255.00 258.30 259.10 259.20
  8. KM  227.80 228.90 230.30 232.70 237.20 242.80 248.10 251.60 252.40 252.50
  9. KM  226.20 226.50 227.10 228.00 231.00 235.90 241.20 244.80 245.80 245.90
 10. KM  224.50 224.20 223.90 223.30 224.80 229.00 234.30 238.10 239.20 239.30
 11. KM  225.10 224.40 224.20 223.30 223.50 225.70 228.70 230.90 231.30 231.30
 12. KM  225.70 224.70 224.50 223.30 222.30 222.40 223.10 223.70 223.40 223.30
 13. KM  226.40 224.90 224.90 223.40 221.00 219.10 217.60 216.40 215.40 215.30
 14. KM  227.00 225.20 225.20 223.40 219.80 215.80 212.00 209.20 207.50 207.30
 15. KM  227.10 225.20 225.20 223.30 219.30 214.40 209.60 206.20 204.20 203.90
 16. KM  227.10 225.20 225.20 223.20 218.70 213.10 207.30 203.10 200.80 200.50
 17. KM  226.70 224.90 224.80 223.00 219.00 213.60 208.20 204.20 202.00 201.70
 18. KM  226.20 224.70 224.50 222.70 219.20 214.20 209.10 205.20 203.20 202.90
 19. KM  225.80 224.40 224.10 222.50 219.50 214.70 210.00 206.30 204.40 204.10
 20. KM  225.30 224.20 223.80 222.30 219.70 215.30 210.90 207.40 205.60 205.30
 21. KM  224.30 223.70 223.40 222.50 220.40 216.80 213.00 210.10 208.50 208.10
 22. KM  223.20 223.20 223.00 222.70 221.10 218.20 215.20 212.70 211.50 210.90
 23. KM  222.20 222.60 222.50 222.90 221.80 219.70 217.30 215.40 214.40 213.70
 24. KM  221.10 222.10 222.10 223.10 222.50 221.10 219.50 218.00 217.40 216.50
 25. KM  221.20 222.30 222.40 223.70 223.40 222.60 221.40 220.40 219.80 218.90
 30. KM  225.90 225.70 227.10 228.30 229.10 229.80 230.20 230.50 230.00 229.70
 35. KM  234.40 235.40 236.90 239.50 241.60 242.30 243.40 244.40 245.50 246.10
 40. KM  246.20 247.90 248.80 251.40 255.10 256.50 256.40 258.70 260.90 261.90
 45. KM  257.80 258.90 260.10 262.30 264.70 265.40 265.30 267.30 269.50 270.60
 50. KM  263.10 263.60 263.80 264.50 266.30 267.30 267.30 267.80 270.20 271.50
 55. KM  255.30 256.10 254.10 252.90 253.40 254.00 254.80 256.00 260.00 261.20
 60. KM  246.10 247.10 243.80 241.50 239.30 238.90 241.10 244.40 244.90 245.40
 65. KM  235.90 236.50 233.20 230.50 226.90 226.80 230.20 231.70 230.70 230.10
 70. KM  222.70 223.30 221.80 220.90 217.40 216.60 218.50 219.10 217.70 217.20
 75. KM  212.60 212.60 211.80 211.10 210.40 210.90 211.50 211.30 211.40 211.70
 80. KM  199.60 199.40 199.80 200.00 201.80 204.00 204.80 204.70 205.80 206.90
 85. KM  179.80 180.70 182.70 185.50 189.20 192.90 195.30 196.60 197.60 198.30
 90. KM  167.30 168.50 170.80 174.30 178.60 183.00 186.50 188.90 190.20 190.70
 95. KM  168.60 169.50 170.80 172.90 175.90 179.30 182.60 185.30 187.10 187.70
100. KM  188.00 188.00 187.20 186.40 185.70 185.50 186.00 186.80 187.50 187.70
105. KM  227.40 226.00 223.20 219.00 213.70 208.40 203.90 200.50 198.30 197.20
110. KM  270.10 268.10 265.50 260.90 254.10 246.10 238.10 231.40 226.70 224.60
115. KM  313.80 313.50 314.60 315.30 315.00 313.20 310.20 306.80 304.00 302.60
120. KM  387.40 387.30 387.20 387.00 386.80 386.60 386.30 386.00 385.60 385.30
   
           -90    -80    -70    -60    -50    -40    -30    -20    -10    0
   
                                     L A T I T U D E
   
   
   
   
   
   
                              Temperature (K) FOR  M A R C H
   
   
           0      10     20     30     40     50     60     70     80     90
   
  0. KM  300.90 300.10 297.00 291.40 284.80 279.00 268.50 256.40 248.20 240.00
  1. KM  295.20 294.60 291.60 285.60 278.70 272.60 263.10 252.60 245.40 238.20
  2. KM  289.50 289.00 286.10 279.90 272.60 266.10 257.70 248.70 242.50 236.30
  3. KM  283.80 283.50 280.70 274.10 266.40 259.70 252.20 244.90 239.70 234.50
  4. KM  278.10 277.90 275.20 268.40 260.30 253.20 246.80 241.00 236.80 232.60
  5. KM  271.90 271.80 269.10 262.10 254.10 247.30 241.90 237.20 233.60 230.00
  6. KM  265.80 265.70 263.00 255.80 247.80 241.40 236.90 233.30 230.40 227.40
  7. KM  259.20 259.00 256.20 249.00 241.40 235.90 232.40 229.40 226.70 224.10
  8. KM  252.50 252.30 249.30 242.30 234.90 230.50 227.90 225.40 223.10 220.70
  9. KM  245.90 245.60 242.50 235.50 228.50 225.00 223.40 221.50 219.40 217.40
 10. KM  239.30 238.90 235.70 228.70 222.10 219.60 218.90 217.60 215.80 214.00
 11. KM  231.30 231.10 229.10 224.70 220.70 219.50 219.00 217.60 215.60 213.50
 12. KM  223.30 223.30 222.50 220.70 219.30 219.30 219.10 217.60 215.30 213.00
 13. KM  215.30 215.50 216.00 216.60 218.00 219.20 219.20 217.60 215.10 212.60
 14. KM  207.30 207.70 209.40 212.60 216.60 219.00 219.30 217.60 214.80 212.10
 15. KM  203.90 204.40 206.50 210.80 215.90 218.90 219.30 217.60 214.70 211.90
 16. KM  200.50 201.00 203.70 209.00 215.20 218.80 219.30 217.50 214.60 211.70
 17. KM  201.70 202.10 204.60 209.50 215.20 218.60 219.20 217.40 214.60 211.80
 18. KM  202.90 203.20 205.50 209.90 215.20 218.50 219.00 217.40 214.60 211.80
 19. KM  204.10 204.30 206.40 210.40 215.20 218.30 218.90 217.30 214.60 211.90
 20. KM  205.30 205.40 207.30 210.80 215.20 218.20 218.80 217.20 214.60 212.00
 21. KM  208.10 208.10 209.60 212.40 215.80 218.20 218.70 217.50 215.60 213.70
 22. KM  210.90 210.80 211.90 214.00 216.50 218.20 218.60 217.80 216.60 215.40
 23. KM  213.70 213.50 214.30 215.70 217.10 218.10 218.40 218.20 217.70 217.20
 24. KM  216.50 216.20 216.60 217.30 217.80 218.10 218.30 218.50 218.70 218.90
 25. KM  218.90 218.60 218.90 219.10 218.80 218.50 218.50 219.00 219.70 220.30
 30. KM  229.70 229.80 230.10 229.30 225.50 221.90 221.00 222.40 224.40 226.40
 35. KM  246.10 246.30 245.30 243.10 240.60 236.60 233.30 232.00 232.10 232.10
 40. KM  261.90 261.60 260.10 257.20 255.70 252.40 247.90 243.10 240.20 237.30
 45. KM  270.60 270.30 268.90 266.30 264.80 262.30 259.10 255.70 253.70 251.80
 50. KM  271.50 270.70 268.80 265.90 264.70 262.40 261.10 261.20 261.90 262.60
 55. KM  261.20 260.10 256.70 253.90 251.90 250.50 250.00 253.00 255.50 258.00
 60. KM  245.40 243.60 240.50 239.20 237.90 238.40 238.20 239.90 240.80 241.70
 65. KM  230.10 229.30 229.20 230.10 230.10 232.10 231.30 230.40 229.20 228.00
 70. KM  217.20 216.80 219.80 222.80 224.10 226.90 227.20 224.60 222.10 219.60
 75. KM  211.70 211.70 214.00 216.90 217.60 220.30 221.50 219.00 216.60 214.10
 80. KM  206.90 206.90 208.00 209.60 209.10 210.70 212.00 210.30 208.40 206.50
 85. KM  198.30 198.30 198.50 198.60 197.70 197.20 196.30 194.40 192.80 191.10
 90. KM  190.70 190.40 189.80 188.70 186.90 185.00 183.00 181.20 179.90 178.60
 95. KM  187.70 187.10 185.90 183.90 181.90 180.00 178.60 177.70 177.20 176.70
100. KM  187.70 187.30 186.60 186.00 185.90 186.60 187.90 189.30 190.40 191.50
105. KM  197.20 197.30 198.70 201.50 205.60 210.60 215.60 219.60 222.20 224.70
110. KM  224.60 225.10 228.30 233.90 240.90 248.10 254.10 258.10 260.20 262.30
115. KM  302.60 303.00 304.80 307.40 309.80 311.00 310.90 309.80 308.40 307.10
120. KM  385.30 385.00 384.60 384.30 384.00 383.80 383.60 383.50 383.40 383.30
   
           0      10     20     30     40     50     60     70     80     90
   
                                     L A T I T U D E
   
   
   
   
   
   
                              Temperature (K) FOR  A P R I L
   
   
           -90    -80    -70    -60    -50    -40    -30    -20    -10    0
   
  0. KM  266.50 266.50 270.50 274.50 280.80 288.90 295.00 298.80 301.00 301.10
  1. KM  259.50 259.90 264.00 268.40 275.10 283.30 289.40 293.30 295.30 295.40
  2. KM  252.50 253.40 257.40 262.30 269.50 277.60 283.80 287.80 289.60 289.70
  3. KM  245.50 246.80 250.90 256.30 263.80 272.00 278.10 282.20 283.80 283.90
  4. KM  238.50 240.30 244.30 250.20 258.20 266.30 272.50 276.70 278.10 278.20
  5. KM  233.70 235.40 239.30 244.80 252.30 260.00 266.20 270.50 272.00 272.10
  6. KM  229.00 230.60 234.20 239.40 246.40 253.80 259.80 264.40 265.80 265.90
  7. KM  226.40 227.50 230.60 234.70 240.30 246.80 252.80 257.50 259.20 259.40
  8. KM  223.90 224.50 226.90 230.00 234.20 239.90 245.70 250.70 252.50 252.80
  9. KM  221.30 221.40 223.30 225.30 228.10 232.90 238.70 243.80 245.90 246.30
 10. KM  218.80 218.30 219.70 220.60 222.00 226.00 231.60 237.00 239.30 239.70
 11. KM  218.70 218.10 219.60 220.40 221.10 223.40 226.80 230.10 231.30 231.60
 12. KM  218.60 217.80 219.50 220.30 220.20 220.80 221.90 223.20 223.40 223.50
 13. KM  218.60 217.60 219.30 220.10 219.40 218.30 217.10 216.30 215.40 215.30
 14. KM  218.50 217.30 219.20 220.00 218.50 215.70 212.20 209.40 207.50 207.20
 15. KM  217.80 216.70 218.70 219.60 218.00 214.60 210.20 206.50 204.20 203.90
 16. KM  217.20 216.10 218.20 219.20 217.60 213.50 208.20 203.60 200.90 200.50
 17. KM  216.00 215.10 217.30 218.60 217.50 213.80 209.00 204.70 202.30 201.90
 18. KM  214.70 214.10 216.40 218.10 217.50 214.20 209.70 205.80 203.60 203.20
 19. KM  213.50 213.10 215.50 217.50 217.40 214.50 210.50 206.90 205.00 204.60
 20. KM  212.30 212.10 214.60 216.90 217.40 214.90 211.30 208.00 206.40 206.00
 21. KM  210.20 210.40 213.50 216.80 217.90 216.20 213.40 210.70 209.30 208.90
 22. KM  208.10 208.70 212.40 216.70 218.30 217.40 215.40 213.40 212.30 211.70
 23. KM  205.90 207.00 211.20 216.50 218.80 218.70 217.50 216.10 215.20 214.60
 24. KM  203.80 205.30 210.10 216.40 219.20 219.90 219.50 218.80 218.20 217.40
 25. KM  203.50 205.10 209.90 216.20 219.60 221.00 221.30 221.10 220.70 219.90
 30. KM  208.80 210.30 211.90 215.00 220.60 225.10 228.40 230.60 231.50 231.00
 35. KM  216.60 220.70 220.40 224.20 230.10 235.60 239.60 243.20 246.40 247.50
 40. KM  234.50 237.00 236.20 237.90 243.80 248.60 252.30 257.00 260.40 261.60
 45. KM  251.30 251.80 251.20 251.10 255.00 259.90 262.90 266.00 268.60 269.30
 50. KM  258.90 258.90 257.20 255.50 257.70 263.40 265.90 267.10 269.20 269.70
 55. KM  254.50 254.60 251.00 247.50 248.60 252.00 254.20 256.50 258.50 259.00
 60. KM  250.00 249.90 245.50 241.00 238.50 239.20 240.30 242.00 242.60 243.10
 65. KM  241.80 241.40 237.90 234.10 228.90 228.50 230.20 228.70 226.50 226.30
 70. KM  233.10 232.90 230.80 228.50 222.50 219.70 218.50 215.90 213.30 212.60
 75. KM  230.70 229.60 227.00 223.30 218.30 215.10 212.80 210.70 210.80 210.30
 80. KM  224.50 222.70 220.20 215.90 212.60 209.90 207.40 206.10 207.90 208.00
 85. KM  205.20 204.60 203.70 202.30 201.20 200.00 198.80 198.20 198.80 198.80
 90. KM  189.20 189.30 189.20 189.20 189.30 189.50 189.70 190.00 190.60 190.80
 95. KM  183.70 183.70 183.40 183.20 183.40 184.00 185.00 186.10 187.20 187.70
100. KM  193.60 193.10 191.60 189.60 187.70 186.50 186.10 186.50 187.20 187.70
105. KM  221.50 220.00 217.40 213.30 208.40 203.60 199.70 197.30 196.50 197.10
110. KM  255.70 253.80 252.00 248.30 242.80 236.30 229.90 225.30 223.20 223.80
115. KM  302.30 302.30 303.70 305.20 305.70 304.90 303.00 301.10 300.00 300.40
120. KM  377.60 377.80 378.00 378.40 378.80 379.40 380.10 380.90 381.70 382.50
   
           -90    -80    -70    -60    -50    -40    -30    -20    -10    0
   
                                     L A T I T U D E
   
   
   
   
   
   
                              Temperature (K) FOR  A P R I L
   
   
           0      10     20     30     40     50     60     70     80     90
   
  0. KM  301.10 300.50 297.80 292.60 286.00 280.30 273.10 262.20 253.20 244.20
  1. KM  295.40 294.90 292.30 287.10 280.30 274.40 267.50 257.90 250.10 242.30
  2. KM  289.70 289.30 286.80 281.50 274.60 268.50 261.90 253.70 247.10 240.50
  3. KM  283.90 283.60 281.20 276.00 269.00 262.60 256.40 249.40 244.00 238.60
  4. KM  278.20 278.00 275.70 270.40 263.30 256.70 250.80 245.20 241.00 236.80
  5. KM  272.10 271.90 269.50 264.10 257.00 250.80 245.60 241.10 237.80 234.50
  6. KM  265.90 265.70 263.30 257.80 250.80 244.90 240.40 237.00 234.60 232.20
  7. KM  259.40 259.00 256.30 250.70 244.00 239.00 235.60 233.10 231.30 229.50
  8. KM  252.80 252.30 249.40 243.60 237.10 233.00 230.70 229.30 228.00 226.70
  9. KM  246.30 245.60 242.40 236.50 230.30 227.10 225.90 225.40 224.70 224.00
 10. KM  239.70 238.90 235.50 229.40 223.50 221.20 221.10 221.50 221.40 221.30
 11. KM  231.60 231.10 229.00 225.20 221.70 220.70 221.20 221.80 221.80 221.90
 12. KM  223.50 223.30 222.50 221.10 219.90 220.20 221.20 222.10 222.20 222.40
 13. KM  215.30 215.40 216.00 216.90 218.20 219.80 221.30 222.30 222.70 223.00
 14. KM  207.20 207.60 209.50 212.80 216.40 219.30 221.30 222.60 223.10 223.50
 15. KM  203.90 204.40 206.80 211.00 215.50 219.00 221.30 222.80 223.40 223.90
 16. KM  200.50 201.10 204.10 209.20 214.70 218.80 221.30 222.90 223.60 224.30
 17. KM  201.90 202.40 205.20 209.80 214.80 218.70 221.30 222.90 223.70 224.60
 18. KM  203.20 203.80 206.30 210.40 214.90 218.70 221.20 222.90 223.90 224.80
 19. KM  204.60 205.10 207.40 211.00 215.00 218.60 221.20 222.90 224.00 225.10
 20. KM  206.00 206.40 208.50 211.60 215.10 218.60 221.10 222.90 224.10 225.30
 21. KM  208.90 209.10 210.90 213.40 216.00 218.80 221.20 223.20 224.70 226.20
 22. KM  211.70 211.90 213.30 215.10 216.80 219.10 221.30 223.50 225.30 227.10
 23. KM  214.60 214.60 215.80 216.90 217.70 219.30 221.30 223.70 225.80 227.90
 24. KM  217.40 217.40 218.20 218.60 218.50 219.60 221.40 224.00 226.40 228.80
 25. KM  219.90 219.80 220.50 220.60 219.90 220.40 221.90 224.30 226.50 228.80
 30. KM  231.00 230.40 231.60 230.70 228.40 226.60 225.80 225.20 225.10 225.00
 35. KM  247.50 247.20 245.90 245.10 245.10 243.50 240.10 236.10 234.10 232.00
 40. KM  261.60 261.10 259.50 259.00 260.90 260.00 256.20 252.00 249.20 246.40
 45. KM  269.30 268.80 268.00 268.10 269.40 269.70 267.50 264.50 262.40 260.20
 50. KM  269.70 269.20 268.20 268.20 269.60 269.50 269.30 269.10 268.70 268.30
 55. KM  259.00 257.70 255.00 255.30 257.30 258.10 257.60 258.40 258.70 258.90
 60. KM  243.10 242.10 240.10 241.20 243.10 244.40 244.70 244.90 244.40 243.90
 65. KM  226.30 227.10 229.60 231.90 233.70 235.00 235.30 234.40 233.30 232.30
 70. KM  212.60 213.90 219.30 222.20 223.90 226.00 227.10 226.90 226.40 225.90
 75. KM  210.30 210.00 212.50 214.40 214.20 214.70 215.40 214.10 213.10 212.20
 80. KM  208.00 206.60 206.50 205.90 203.10 200.60 199.50 197.00 195.30 193.60
 85. KM  198.80 197.80 196.80 194.60 190.40 185.40 180.80 176.20 173.20 170.10
 90. KM  190.80 190.20 188.50 185.30 180.30 174.50 168.90 164.20 161.10 158.00
 95. KM  187.70 187.10 185.10 181.80 177.50 173.20 169.40 166.40 164.60 162.70
100. KM  187.70 187.60 187.00 186.10 185.50 185.30 185.70 186.40 186.90 187.40
105. KM  197.10 198.80 201.50 205.40 210.20 215.80 221.40 226.00 229.10 232.20
110. KM  223.80 227.10 232.70 240.20 248.80 257.30 264.70 270.00 273.10 276.20
115. KM  300.40 302.60 306.00 310.00 313.40 315.60 316.30 315.80 315.10 314.40
120. KM  382.50 383.40 384.20 385.00 385.70 386.30 386.80 387.10 387.30 387.50
   
           0      10     20     30     40     50     60     70     80     90
   
                                     L A T I T U D E
   
   
   
   
   
   
                                Temperature (K) FOR  M A Y
   
   
           -90    -80    -70    -60    -50    -40    -30    -20    -10    0
   
  0. KM  270.10 270.10 273.40 276.70 280.70 287.50 293.40 297.80 300.50 301.00
  1. KM  262.00 262.40 266.00 270.00 274.70 281.60 287.60 292.20 294.90 295.30
  2. KM  254.00 254.80 258.70 263.40 268.70 275.70 281.90 286.70 289.20 289.60
  3. KM  245.90 247.10 251.30 256.70 262.70 269.90 276.10 281.10 283.60 283.90
  4. KM  237.90 239.50 244.00 250.10 256.70 264.00 270.40 275.60 277.90 278.20
  5. KM  232.00 233.60 238.10 244.10 250.60 257.60 264.00 269.30 271.80 272.10
  6. KM  226.20 227.80 232.10 238.10 244.50 251.10 257.60 263.10 265.60 265.90
  7. KM  222.60 223.80 227.70 232.80 238.20 244.20 250.50 256.20 258.90 259.30
  8. KM  219.00 219.70 223.20 227.40 232.00 237.20 243.50 249.40 252.20 252.70
  9. KM  215.40 215.70 218.80 222.10 225.70 230.30 236.40 242.50 245.50 246.10
 10. KM  211.80 211.70 214.30 216.80 219.50 223.30 229.40 235.60 238.80 239.50
 11. KM  210.70 210.70 213.50 216.30 218.80 221.40 225.20 229.10 231.00 231.50
 12. KM  209.50 209.60 212.70 215.80 218.20 219.60 221.10 222.60 223.20 223.60
 13. KM  208.40 208.60 211.80 215.30 217.50 217.70 216.90 216.00 215.50 215.60
 14. KM  207.20 207.50 211.00 214.80 216.90 215.90 212.80 209.50 207.70 207.70
 15. KM  205.90 206.20 210.00 214.20 216.40 215.00 211.10 206.90 204.50 204.40
 16. KM  204.50 204.90 209.00 213.50 216.00 214.20 209.30 204.20 201.40 201.10
 17. KM  202.90 203.30 207.80 212.70 215.70 214.40 210.10 205.50 202.90 202.50
 18. KM  201.40 201.70 206.70 212.00 215.50 214.70 210.80 206.70 204.40 204.00
 19. KM  199.80 200.10 205.50 211.20 215.20 214.90 211.60 208.00 205.90 205.40
 20. KM  198.20 198.50 204.30 210.40 215.00 215.10 212.30 209.20 207.40 206.80
 21. KM  195.80 196.30 202.70 209.60 214.90 215.90 214.10 211.70 210.20 209.60
 22. KM  193.50 194.10 201.20 208.90 214.80 216.70 215.80 214.10 213.00 212.30
 23. KM  191.10 191.90 199.60 208.10 214.80 217.60 217.60 216.60 215.70 215.10
 24. KM  188.80 189.70 198.10 207.40 214.70 218.40 219.30 219.00 218.50 217.80
 25. KM  189.00 190.30 197.90 206.80 214.40 219.00 220.80 221.10 221.00 220.30
 30. KM  201.10 204.20 202.90 204.70 212.60 220.90 226.90 229.80 231.70 231.40
 35. KM  220.10 220.60 217.90 215.70 219.40 229.00 236.60 242.50 245.90 246.90
 40. KM  237.80 236.70 234.80 231.80 233.70 241.50 249.80 255.50 258.00 258.70
 45. KM  255.20 252.60 250.60 246.10 246.30 253.90 259.90 264.30 265.10 265.30
 50. KM  264.20 260.40 259.50 254.80 252.30 255.70 261.30 264.80 266.70 266.70
 55. KM  260.20 257.10 256.60 253.00 248.90 247.90 251.70 255.50 257.80 258.00
 60. KM  251.70 249.80 250.50 249.30 243.50 238.50 240.10 241.60 243.00 243.50
 65. KM  240.60 241.00 242.10 243.60 237.30 231.00 228.80 225.50 222.80 223.80
 70. KM  233.80 235.00 235.20 236.60 230.80 223.70 216.90 210.60 206.90 207.40
 75. KM  233.10 233.90 231.50 230.00 225.10 218.60 212.00 207.20 205.80 206.10
 80. KM  231.20 231.00 227.20 223.20 219.40 213.90 208.00 204.60 205.00 205.20
 85. KM  220.20 219.40 216.80 213.40 209.90 205.60 201.30 198.60 197.90 197.60
 90. KM  206.90 206.10 204.00 201.10 198.00 194.80 192.20 190.70 190.40 190.50
 95. KM  198.50 197.80 195.90 193.20 190.50 188.30 187.00 186.90 187.30 187.70
100. KM  202.20 201.10 198.60 195.00 191.40 188.60 187.00 186.60 187.10 187.70
105. KM  221.20 219.50 216.50 211.70 206.10 200.80 196.90 194.90 195.00 196.70
110. KM  247.10 245.40 243.50 239.90 234.60 228.50 223.20 220.00 219.80 222.60
115. KM  291.90 292.00 293.60 295.40 296.50 296.30 295.40 294.60 294.80 296.70
120. KM  367.40 367.70 368.20 369.00 370.00 371.30 372.80 374.40 376.10 378.00
   
           -90    -80    -70    -60    -50    -40    -30    -20    -10    0
   
                                     L A T I T U D E
   
   
   
   
   
   
                                Temperature (K) FOR  M A Y
   
   
           0      10     20     30     40     50     60     70     80     90
   
  0. KM  301.00 300.90 298.70 294.20 287.90 281.60 277.30 269.20 263.60 258.00
  1. KM  295.30 295.20 293.20 288.90 282.70 276.40 271.90 264.60 259.40 254.30
  2. KM  289.60 289.50 287.70 283.50 277.50 271.20 266.50 259.90 255.30 250.60
  3. KM  283.90 283.90 282.30 278.20 272.30 265.90 261.10 255.30 251.10 247.00
  4. KM  278.20 278.20 276.80 272.80 267.10 260.70 255.70 250.60 247.00 243.30
  5. KM  272.10 272.00 270.60 266.60 260.90 254.90 250.30 246.20 243.20 240.20
  6. KM  265.90 265.90 264.40 260.40 254.80 249.10 245.00 241.80 239.50 237.20
  7. KM  259.30 259.30 257.60 253.30 247.70 242.80 239.70 237.50 236.20 234.80
  8. KM  252.70 252.60 250.70 246.30 240.50 236.40 234.30 233.30 232.80 232.40
  9. KM  246.10 246.00 243.90 239.20 233.40 230.10 229.00 229.00 229.50 230.00
 10. KM  239.50 239.40 237.00 232.10 226.30 223.70 223.70 224.80 226.20 227.60
 11. KM  231.50 231.60 230.20 227.30 223.90 222.80 223.60 225.10 226.70 228.30
 12. KM  223.60 223.70 223.40 222.50 221.50 222.00 223.60 225.40 227.20 229.00
 13. KM  215.60 215.90 216.60 217.80 219.00 221.10 223.50 225.80 227.70 229.60
 14. KM  207.70 208.00 209.80 213.00 216.60 220.30 223.50 226.10 228.20 230.30
 15. KM  204.40 204.80 207.00 211.00 215.60 219.90 223.50 226.40 228.60 230.80
 16. KM  201.10 201.60 204.30 209.10 214.60 219.60 223.50 226.60 229.00 231.30
 17. KM  202.50 203.00 205.60 209.90 215.00 219.70 223.70 226.80 229.20 231.60
 18. KM  204.00 204.50 206.80 210.80 215.40 219.90 223.80 227.10 229.50 231.90
 19. KM  205.40 205.90 208.10 211.60 215.80 220.00 224.00 227.30 229.70 232.20
 20. KM  206.80 207.30 209.40 212.50 216.20 220.20 224.10 227.50 230.00 232.50
 21. KM  209.60 210.00 211.90 214.40 217.20 220.70 224.10 227.30 229.80 232.30
 22. KM  212.30 212.70 214.40 216.20 218.20 221.10 224.10 227.10 229.60 232.10
 23. KM  215.10 215.40 217.00 218.10 219.30 221.60 224.20 227.00 229.40 231.80
 24. KM  217.80 218.10 219.50 219.90 220.30 222.00 224.20 226.80 229.20 231.60
 25. KM  220.30 220.50 221.70 221.90 221.70 223.10 225.00 227.40 229.70 232.00
 30. KM  231.40 230.80 231.90 231.90 230.80 230.80 232.00 233.80 234.80 235.80
 35. KM  246.90 246.30 245.30 245.70 247.00 247.60 248.00 248.30 247.70 247.20
 40. KM  258.70 258.60 258.00 259.40 262.90 263.90 263.90 264.90 264.70 264.50
 45. KM  265.30 265.60 266.40 268.60 271.70 273.40 274.40 275.20 276.10 276.90
 50. KM  266.70 266.50 267.90 269.20 271.20 273.40 275.30 277.90 280.60 283.30
 55. KM  258.00 256.40 255.20 256.50 259.20 262.40 265.00 268.40 271.80 275.10
 60. KM  243.50 243.20 242.10 242.80 243.60 247.80 250.90 254.70 257.80 260.90
 65. KM  223.80 226.10 228.70 229.90 230.90 233.90 236.80 238.80 240.30 241.70
 70. KM  207.40 211.00 215.50 217.50 217.70 220.00 223.10 224.90 225.70 226.50
 75. KM  206.10 207.30 208.50 208.20 205.60 204.70 205.30 204.40 203.80 203.20
 80. KM  205.20 204.30 202.60 199.80 193.60 188.20 184.60 180.90 178.60 176.30
 85. KM  197.60 196.50 194.30 190.10 182.80 174.60 166.90 160.40 156.00 151.70
 90. KM  190.50 189.80 187.20 182.30 174.90 166.50 158.40 151.80 147.40 143.00
 95. KM  187.70 186.90 184.40 180.20 174.70 169.00 163.70 159.50 156.90 154.30
100. KM  187.70 187.90 187.50 186.80 186.10 185.90 186.20 186.80 187.40 188.00
105. KM  196.70 199.70 203.60 208.50 214.30 220.90 227.90 234.20 238.70 243.10
110. KM  222.60 227.90 235.30 244.30 254.20 264.20 273.30 280.70 285.50 290.30
115. KM  296.70 300.20 304.80 309.80 314.10 317.10 318.60 318.90 318.70 318.50
120. KM  378.00 379.80 381.50 383.20 384.60 385.90 387.00 387.70 388.20 388.70
   
           0      10     20     30     40     50     60     70     80     90
   
                                     L A T I T U D E
   
   
   
   
   
   
                               Temperature (K) FOR  J U N E
   
   
           -90    -80    -70    -60    -50    -40    -30    -20    -10    0
   
  0. KM  262.60 262.60 268.40 274.20 279.90 286.30 292.00 296.90 300.00 300.70
  1. KM  255.70 256.30 261.70 267.70 273.70 280.10 286.10 291.40 294.40 295.00
  2. KM  248.90 250.00 255.00 261.20 267.50 274.00 280.30 285.90 288.80 289.30
  3. KM  242.00 243.70 248.40 254.70 261.30 267.80 274.40 280.30 283.20 283.60
  4. KM  235.20 237.40 241.70 248.20 255.10 261.70 268.60 274.80 277.60 277.90
  5. KM  229.60 231.90 235.90 242.20 248.90 255.30 262.20 268.70 271.40 271.70
  6. KM  224.00 226.30 230.10 236.10 242.70 248.90 255.90 262.50 265.30 265.50
  7. KM  219.70 221.50 225.20 230.60 236.50 242.30 249.10 255.80 258.50 258.90
  8. KM  215.50 216.70 220.20 225.00 230.40 235.60 242.40 249.00 251.80 252.20
  9. KM  211.20 211.90 215.30 219.50 224.20 229.00 235.60 242.30 245.00 245.60
 10. KM  206.90 207.10 210.40 213.90 218.00 222.40 228.80 235.50 238.30 238.90
 11. KM  205.00 205.30 209.10 213.30 217.60 221.00 225.00 229.20 230.80 231.30
 12. KM  203.00 203.50 207.80 212.70 217.20 219.70 221.20 222.80 223.30 223.70
 13. KM  201.10 201.60 206.60 212.00 216.70 218.30 217.30 216.50 215.80 216.00
 14. KM  199.10 199.80 205.30 211.40 216.30 217.00 213.50 210.10 208.30 208.40
 15. KM  197.60 198.20 204.10 210.70 215.90 216.20 211.90 207.60 205.40 205.30
 16. KM  196.00 196.70 203.00 210.00 215.40 215.50 210.30 205.10 202.40 202.30
 17. KM  194.80 195.30 202.00 209.10 214.90 215.40 211.00 206.40 204.00 203.70
 18. KM  193.60 194.00 200.90 208.30 214.30 215.40 211.60 207.60 205.60 205.20
 19. KM  192.40 192.60 199.90 207.40 213.80 215.30 212.30 208.90 207.20 206.60
 20. KM  191.20 191.30 198.90 206.60 213.30 215.20 212.90 210.20 208.80 208.10
 21. KM  188.40 189.10 196.90 205.40 212.90 215.80 214.50 212.40 211.10 210.50
 22. KM  185.60 186.90 194.90 204.10 212.50 216.40 216.00 214.60 213.50 213.00
 23. KM  182.80 184.60 192.80 202.90 212.00 216.90 217.60 216.90 215.80 215.40
 24. KM  180.00 182.40 190.80 201.60 211.60 217.50 219.10 219.10 218.20 217.90
 25. KM  180.80 183.30 190.90 201.00 210.90 217.70 220.40 220.90 220.40 220.10
 30. KM  199.30 199.80 199.90 200.50 206.60 217.10 225.70 228.70 230.70 230.40
 35. KM  227.40 222.70 221.80 216.10 213.90 222.80 233.30 240.60 243.80 244.30
 40. KM  243.80 240.10 239.40 235.00 231.40 236.90 247.10 253.40 254.70 255.00
 45. KM  258.80 256.40 254.40 249.90 246.40 251.40 258.20 262.70 262.00 261.90
 50. KM  270.70 267.30 265.10 259.50 254.50 254.70 260.50 264.30 264.80 264.40
 55. KM  268.00 264.20 263.30 258.50 252.90 248.60 251.40 254.60 256.70 256.80
 60. KM  256.50 254.30 255.40 254.30 248.40 241.50 241.10 241.20 242.60 243.10
 65. KM  242.80 243.30 244.50 246.10 241.10 233.70 228.70 224.50 222.40 223.10
 70. KM  233.30 234.60 234.90 236.50 232.50 224.40 215.50 208.20 205.80 206.20
 75. KM  229.20 230.40 228.40 227.60 224.30 218.00 209.70 204.60 203.40 203.90
 80. KM  228.20 228.10 224.90 221.60 218.60 213.10 206.50 202.40 202.20 202.40
 85. KM  224.60 223.70 220.80 217.00 212.80 207.50 202.10 198.30 196.90 196.40
 90. KM  215.20 213.90 211.00 206.80 202.10 197.30 193.30 190.90 190.30 190.20
 95. KM  206.80 205.60 202.70 198.60 194.30 190.60 188.10 187.10 187.30 187.60
100. KM  207.90 206.50 203.30 198.70 194.00 190.10 187.60 186.80 187.00 187.70
105. KM  222.90 221.10 217.50 212.10 205.90 200.10 195.90 194.00 194.30 196.60
110. KM  244.70 242.90 240.80 236.90 231.30 225.10 220.10 217.60 218.20 222.00
115. KM  287.30 287.40 289.20 291.00 292.20 292.40 291.80 291.60 292.50 295.00
120. KM  362.50 363.00 363.50 364.50 365.90 367.50 369.40 371.50 373.70 376.00
   
           -90    -80    -70    -60    -50    -40    -30    -20    -10    0
   
                                     L A T I T U D E
   
   
   
   
   
   
                               Temperature (K) FOR  J U N E
   
   
           0      10     20     30     40     50     60     70     80     90
   
  0. KM  300.70 300.80 299.50 296.20 290.10 283.10 281.30 276.20 271.20 266.20
  1. KM  295.00 295.10 294.00 291.00 285.20 278.50 276.20 271.50 266.90 262.30
  2. KM  289.30 289.40 288.50 285.80 280.30 273.90 271.10 266.70 262.50 258.30
  3. KM  283.60 283.70 283.10 280.60 275.40 269.40 266.10 262.00 258.20 254.40
  4. KM  277.90 278.00 277.60 275.40 270.50 264.80 261.00 257.20 253.80 250.40
  5. KM  271.70 271.80 271.50 269.40 264.60 259.10 255.50 252.30 249.60 246.90
  6. KM  265.50 265.70 265.40 263.40 258.60 253.50 249.90 247.40 245.40 243.30
  7. KM  258.90 259.00 258.70 256.50 251.60 246.80 244.00 242.40 241.20 240.10
  8. KM  252.20 252.40 252.00 249.70 244.60 240.20 238.00 237.30 237.10 236.80
  9. KM  245.60 245.70 245.30 242.80 237.60 233.50 232.10 232.30 232.90 233.60
 10. KM  238.90 239.10 238.60 236.00 230.60 226.80 226.10 227.20 228.80 230.40
 11. KM  231.30 231.50 231.50 230.30 227.20 225.50 225.80 227.30 229.20 231.00
 12. KM  223.70 223.90 224.50 224.60 223.80 224.10 225.50 227.50 229.60 231.60
 13. KM  216.00 216.40 217.40 218.90 220.50 222.80 225.10 227.60 229.90 232.30
 14. KM  208.40 208.80 210.40 213.20 217.10 221.40 224.80 227.80 230.30 232.90
 15. KM  205.30 205.70 207.50 210.90 215.70 220.90 224.80 228.00 230.70 233.30
 16. KM  202.30 202.70 204.70 208.50 214.30 220.40 224.80 228.20 231.00 233.80
 17. KM  203.70 204.20 206.10 209.60 214.90 220.70 225.10 228.60 231.30 234.00
 18. KM  205.20 205.60 207.40 210.60 215.50 221.00 225.30 228.90 231.60 234.30
 19. KM  206.60 207.10 208.80 211.70 216.10 221.30 225.60 229.30 231.90 234.50
 20. KM  208.10 208.60 210.20 212.70 216.70 221.60 225.90 229.60 232.20 234.80
 21. KM  210.50 211.10 212.50 214.70 218.00 222.30 226.30 229.70 232.30 234.90
 22. KM  213.00 213.60 214.90 216.60 219.40 223.00 226.70 229.90 232.50 235.10
 23. KM  215.40 216.00 217.20 218.60 220.70 223.70 227.00 230.00 232.60 235.20
 24. KM  217.90 218.50 219.60 220.50 222.10 224.40 227.40 230.20 232.80 235.40
 25. KM  220.10 220.70 221.70 222.50 223.80 225.80 228.60 231.20 233.60 236.10
 30. KM  230.40 230.40 231.50 232.10 233.60 235.10 237.60 239.70 241.10 242.50
 35. KM  244.30 243.50 243.20 244.90 247.00 249.70 252.50 255.10 255.90 256.60
 40. KM  255.00 254.70 255.30 257.80 260.80 264.60 267.70 270.70 271.90 273.10
 45. KM  261.90 262.40 264.30 267.00 270.30 273.30 276.80 280.20 282.50 284.80
 50. KM  264.40 264.60 266.20 267.70 269.80 273.90 277.70 282.20 285.90 289.60
 55. KM  256.80 256.10 255.30 256.80 259.20 264.90 269.00 274.10 278.10 282.10
 60. KM  243.10 243.30 242.10 242.30 245.00 250.60 255.80 260.70 264.40 268.10
 65. KM  223.10 224.30 224.80 225.40 229.00 233.30 238.80 242.20 244.70 247.10
 70. KM  206.20 208.00 210.30 211.30 212.60 215.40 220.00 222.70 224.50 226.30
 75. KM  203.90 204.30 205.00 203.50 199.00 197.50 197.30 197.60 198.10 198.60
 80. KM  202.40 201.30 200.00 196.10 186.70 180.20 174.30 171.30 169.70 168.10
 85. KM  196.40 195.20 192.90 187.60 178.10 168.50 159.20 152.10 147.70 143.30
 90. KM  190.20 189.40 186.50 180.80 172.10 162.60 153.40 146.00 141.20 136.40
 95. KM  187.60 186.90 184.20 179.60 173.60 167.30 161.50 156.90 154.00 151.00
100. KM  187.70 188.10 187.90 187.30 186.80 186.80 187.30 188.30 189.10 189.90
105. KM  196.60 200.20 204.80 210.30 216.70 224.20 232.40 240.10 245.80 251.60
110. KM  222.00 228.40 236.70 246.40 257.10 268.10 278.60 287.60 293.90 300.20
115. KM  295.00 299.20 304.40 309.90 314.70 318.20 320.20 321.10 321.20 321.30
120. KM  376.00 378.30 380.50 382.60 384.50 386.10 387.50 388.50 389.00 389.50
   
           0      10     20     30     40     50     60     70     80     90
   
                                     L A T I T U D E
   
   
   
   
   
   
                               Temperature (K) FOR  J U L Y
   
   
           -90    -80    -70    -60    -50    -40    -30    -20    -10    0
   
  0. KM  260.90 260.90 267.40 273.90 279.40 286.20 291.30 295.90 299.30 300.10
  1. KM  253.80 254.70 260.50 267.20 273.10 279.90 285.50 290.60 293.80 294.40
  2. KM  246.80 248.50 253.60 260.50 266.70 273.60 279.70 285.20 288.30 288.80
  3. KM  239.70 242.30 246.80 253.80 260.40 267.30 273.90 279.90 282.90 283.10
  4. KM  232.70 236.10 239.90 247.10 254.00 261.00 268.10 274.50 277.40 277.50
  5. KM  226.60 230.30 233.70 240.80 247.80 254.60 261.90 268.50 271.20 271.30
  6. KM  220.50 224.40 227.50 234.50 241.50 248.20 255.70 262.40 265.10 265.10
  7. KM  215.40 218.90 222.00 228.60 235.30 241.70 249.00 255.70 258.30 258.30
  8. KM  210.40 213.50 216.50 222.60 229.00 235.30 242.40 248.90 251.40 251.60
  9. KM  205.30 208.00 211.00 216.70 222.80 228.80 235.70 242.20 244.60 244.80
 10. KM  200.20 202.50 205.50 210.80 216.60 222.30 229.10 235.40 237.80 238.10
 11. KM  198.00 200.40 204.00 209.90 216.10 220.90 225.30 229.20 230.70 230.90
 12. KM  195.80 198.40 202.40 209.00 215.60 219.60 221.50 223.00 223.50 223.70
 13. KM  193.60 196.30 200.90 208.20 215.20 218.20 217.70 216.70 216.40 216.50
 14. KM  191.40 194.30 199.30 207.30 214.70 216.90 213.90 210.50 209.20 209.30
 15. KM  189.90 192.70 198.20 206.50 214.10 216.10 212.40 208.10 206.40 206.40
 16. KM  188.40 191.10 197.00 205.70 213.60 215.40 210.80 205.60 203.50 203.40
 17. KM  187.60 189.90 196.30 205.00 213.00 215.30 211.50 206.90 205.00 204.70
 18. KM  186.80 188.80 195.50 204.20 212.50 215.30 212.20 208.30 206.40 206.00
 19. KM  186.00 187.60 194.80 203.50 211.90 215.20 212.90 209.60 207.90 207.30
 20. KM  185.20 186.50 194.00 202.80 211.30 215.10 213.60 210.90 209.30 208.60
 21. KM  183.40 185.00 192.60 201.70 211.30 215.90 215.10 213.00 211.40 210.80
 22. KM  181.70 183.60 191.20 200.60 211.30 216.70 216.60 215.00 213.60 212.90
 23. KM  179.90 182.10 189.70 199.60 211.20 217.60 218.00 217.10 215.70 215.10
 24. KM  178.20 180.70 188.30 198.50 211.20 218.40 219.50 219.10 217.90 217.20
 25. KM  180.60 182.90 189.80 198.90 211.10 218.90 220.90 220.90 219.80 219.20
 30. KM  210.10 209.20 208.30 206.50 210.40 220.30 227.00 228.50 229.10 228.50
 35. KM  237.30 232.90 232.30 227.30 223.00 227.60 234.40 239.00 240.80 241.30
 40. KM  252.10 248.20 249.10 246.10 240.90 241.80 248.00 251.50 252.40 252.50
 45. KM  263.70 260.90 260.60 257.50 253.50 255.60 259.60 262.00 261.40 260.50
 50. KM  274.00 271.90 269.00 264.00 258.10 258.50 262.10 265.10 265.10 264.40
 55. KM  272.90 269.70 266.20 259.50 251.90 247.50 250.80 254.60 257.10 257.70
 60. KM  260.90 258.70 256.10 251.30 243.50 236.60 236.80 239.30 242.70 244.20
 65. KM  244.10 243.90 242.60 241.20 235.30 228.30 224.40 224.40 225.00 226.10
 70. KM  230.20 231.70 230.80 231.40 227.40 219.70 214.20 210.70 210.10 210.60
 75. KM  223.90 225.40 223.90 223.80 221.10 214.90 209.60 206.20 205.30 205.50
 80. KM  221.90 222.60 220.60 219.30 216.70 211.20 206.30 202.90 201.80 201.70
 85. KM  221.10 220.60 218.30 215.40 211.50 206.50 201.80 198.40 196.80 196.10
 90. KM  212.90 211.80 209.20 205.50 201.10 196.70 193.10 190.90 190.20 190.10
 95. KM  204.80 203.90 201.10 197.50 193.40 190.10 187.90 187.00 187.30 187.60
100. KM  206.50 205.30 202.20 197.90 193.40 189.70 187.50 186.70 187.00 187.70
105. KM  222.90 221.10 217.60 212.30 206.10 200.40 196.20 194.20 194.60 196.80
110. KM  246.10 244.40 242.20 238.30 232.70 226.50 221.30 218.60 219.10 222.70
115. KM  290.20 290.30 291.90 293.70 294.90 294.90 294.30 293.90 294.70 297.10
120. KM  365.80 366.10 366.70 367.60 368.90 370.50 372.30 374.30 376.40 378.60
   
           -90    -80    -70    -60    -50    -40    -30    -20    -10    0
   
                                     L A T I T U D E
   
   
   
   
   
   
                               Temperature (K) FOR  J U L Y
   
   
           0      10     20     30     40     50     60     70     80     90
   
  0. KM  300.10 300.80 299.90 298.00 293.10 285.40 283.60 279.60 274.20 268.80
  1. KM  294.40 295.00 294.30 292.80 288.20 281.00 278.80 275.00 270.10 265.20
  2. KM  288.80 289.20 288.80 287.50 283.30 276.70 274.00 270.40 266.00 261.60
  3. KM  283.10 283.50 283.20 282.30 278.40 272.30 269.30 265.70 261.80 257.90
  4. KM  277.50 277.70 277.70 277.00 273.50 268.00 264.50 261.10 257.70 254.30
  5. KM  271.30 271.50 271.60 271.10 267.70 262.40 258.90 255.90 253.20 250.40
  6. KM  265.10 265.20 265.50 265.20 261.80 256.90 253.30 250.80 248.60 246.50
  7. KM  258.30 258.60 258.90 258.50 255.10 250.20 247.00 245.10 243.70 242.30
  8. KM  251.60 251.90 252.20 251.90 248.30 243.40 240.60 239.30 238.70 238.10
  9. KM  244.80 245.30 245.60 245.20 241.60 236.70 234.30 233.60 233.80 233.90
 10. KM  238.10 238.60 239.00 238.60 234.80 230.00 227.90 227.90 228.80 229.70
 11. KM  230.90 231.40 232.00 232.40 230.40 228.00 227.20 227.90 229.20 230.50
 12. KM  223.70 224.20 225.10 226.20 226.00 225.90 226.60 228.00 229.60 231.30
 13. KM  216.50 216.90 218.10 219.90 221.70 223.90 225.90 228.00 230.10 232.10
 14. KM  209.30 209.70 211.20 213.70 217.30 221.80 225.30 228.10 230.50 232.90
 15. KM  206.40 206.80 208.30 211.10 215.40 221.00 225.10 228.30 230.80 233.40
 16. KM  203.40 203.80 205.50 208.50 213.60 220.20 224.90 228.40 231.20 233.90
 17. KM  204.70 205.10 206.70 209.50 214.30 220.50 225.30 228.80 231.50 234.10
 18. KM  206.00 206.40 208.00 210.60 214.90 220.90 225.60 229.10 231.70 234.40
 19. KM  207.30 207.70 209.20 211.60 215.60 221.20 226.00 229.50 232.00 234.60
 20. KM  208.60 209.00 210.50 212.60 216.30 221.60 226.30 229.80 232.30 234.80
 21. KM  210.80 211.20 212.60 214.50 217.80 222.40 226.70 230.00 232.50 235.00
 22. KM  212.90 213.40 214.60 216.40 219.30 223.30 227.10 230.20 232.70 235.20
 23. KM  215.10 215.60 216.70 218.30 220.70 224.10 227.50 230.40 232.90 235.40
 24. KM  217.20 217.80 218.70 220.20 222.20 225.00 227.90 230.60 233.10 235.60
 25. KM  219.20 219.80 220.60 222.00 223.90 226.40 229.00 231.60 234.00 236.40
 30. KM  228.50 228.80 229.10 230.60 232.60 235.70 237.70 240.00 241.20 242.40
 35. KM  241.30 240.40 240.70 242.10 244.60 248.40 251.70 254.20 255.00 255.80
 40. KM  252.50 251.50 251.50 254.20 257.60 261.50 265.60 268.70 269.90 271.10
 45. KM  260.50 260.20 262.00 263.50 266.60 270.00 274.30 278.00 280.30 282.70
 50. KM  264.40 264.10 263.90 264.70 267.20 271.10 275.40 280.40 284.50 288.60
 55. KM  257.70 256.60 254.60 254.40 256.50 261.70 267.60 273.00 277.50 282.00
 60. KM  244.20 244.50 242.00 240.80 242.50 248.30 254.80 260.70 264.60 268.50
 65. KM  226.10 226.00 224.70 223.60 225.30 230.70 237.10 242.50 245.90 249.30
 70. KM  210.60 211.20 210.80 210.30 210.90 213.90 217.70 221.30 224.00 226.70
 75. KM  205.50 206.00 206.30 204.40 200.40 196.20 194.40 195.40 197.10 198.70
 80. KM  201.70 201.80 201.30 197.50 189.50 179.60 172.30 169.60 169.10 168.60
 85. KM  196.10 195.40 193.50 188.40 179.70 168.90 159.20 152.40 148.40 144.50
 90. KM  190.10 189.40 186.80 181.10 172.90 163.20 154.10 146.90 142.30 137.70
 95. KM  187.60 186.90 184.30 179.70 173.90 167.70 162.10 157.60 154.80 151.90
100. KM  187.70 188.10 187.90 187.30 186.90 186.90 187.40 188.40 189.20 190.00
105. KM  196.80 200.30 204.80 210.30 216.80 224.30 232.30 239.90 245.50 251.00
110. KM  222.70 228.90 237.20 247.00 257.70 268.70 279.20 288.00 294.10 300.20
115. KM  297.10 301.10 306.30 311.80 316.50 319.90 321.90 322.60 322.80 322.90
120. KM  378.60 380.80 382.90 384.90 386.70 388.30 389.50 390.50 391.00 391.50
   
           0      10     20     30     40     50     60     70     80     90
   
                                     L A T I T U D E
   
   
   
   
   
   
                             Temperature (K) FOR  A U G U S T
   
   
           -90    -80    -70    -60    -50    -40    -30    -20    -10    0
   
  0. KM  267.00 267.00 270.00 273.00 278.20 285.30 291.00 295.80 299.00 299.90
  1. KM  259.20 259.50 262.90 266.60 272.10 279.10 285.20 290.50 293.60 294.20
  2. KM  251.30 251.90 255.80 260.20 266.10 273.00 279.40 285.20 288.10 288.60
  3. KM  243.50 244.40 248.60 253.80 260.00 266.80 273.70 280.00 282.70 282.90
  4. KM  235.60 236.80 241.50 247.40 254.00 260.70 267.90 274.70 277.20 277.30
  5. KM  228.90 230.20 235.00 241.20 247.90 254.40 261.70 268.60 271.10 271.10
  6. KM  222.10 223.60 228.50 234.90 241.80 248.20 255.50 262.60 265.00 264.90
  7. KM  216.40 218.00 222.60 228.80 235.60 241.90 249.00 255.80 258.20 258.10
  8. KM  210.60 212.30 216.70 222.80 229.50 235.60 242.40 248.90 251.30 251.40
  9. KM  204.90 206.70 210.80 216.70 223.30 229.30 235.90 242.10 244.50 244.60
 10. KM  199.20 201.00 204.90 210.60 217.20 223.00 229.30 235.30 237.70 237.90
 11. KM  196.90 199.10 203.30 209.60 216.60 221.60 225.50 229.10 230.60 230.70
 12. KM  194.60 197.20 201.60 208.70 216.10 220.20 221.80 222.90 223.40 223.50
 13. KM  192.20 195.20 200.00 207.70 215.50 218.70 218.00 216.80 216.30 216.40
 14. KM  189.90 193.30 198.30 206.80 215.00 217.30 214.30 210.60 209.10 209.20
 15. KM  188.50 192.00 197.30 206.10 214.60 216.70 212.80 208.20 206.40 206.30
 16. KM  187.00 190.60 196.30 205.50 214.20 216.10 211.30 205.80 203.60 203.50
 17. KM  186.40 189.90 195.80 205.20 214.00 216.30 212.10 207.20 205.20 205.00
 18. KM  185.90 189.10 195.40 204.90 213.80 216.60 213.00 208.50 206.70 206.40
 19. KM  185.30 188.40 194.90 204.60 213.60 216.80 213.80 209.90 208.30 207.90
 20. KM  184.70 187.60 194.50 204.30 213.40 217.00 214.60 211.30 209.90 209.40
 21. KM  184.00 186.70 194.20 204.30 213.80 217.80 216.00 213.20 211.80 211.20
 22. KM  183.30 185.80 193.80 204.30 214.20 218.60 217.40 215.10 213.60 212.90
 23. KM  182.70 185.00 193.50 204.30 214.60 219.40 218.90 216.90 215.50 214.70
 24. KM  182.00 184.10 193.10 204.30 215.00 220.20 220.30 218.80 217.30 216.40
 25. KM  185.80 187.30 195.80 205.80 215.70 221.00 221.60 220.50 219.20 218.30
 30. KM  223.10 219.50 221.00 218.90 220.00 224.80 228.10 228.30 228.60 227.90
 35. KM  249.20 243.80 244.60 240.10 233.60 233.40 236.80 240.20 241.40 241.40
 40. KM  263.60 258.90 259.70 255.80 247.80 245.70 249.00 253.30 255.00 254.90
 45. KM  271.60 268.70 267.00 262.40 255.80 255.80 259.90 264.10 264.70 264.20
 50. KM  277.60 275.20 270.50 263.40 255.90 256.30 261.30 266.10 267.40 267.10
 55. KM  272.60 269.60 263.30 253.90 245.80 244.20 249.70 254.50 258.20 258.80
 60. KM  257.30 255.40 249.20 241.10 235.30 231.80 234.50 238.20 242.50 244.20
 65. KM  239.40 239.90 235.80 232.10 229.30 225.70 224.10 225.20 226.70 228.50
 70. KM  225.20 227.40 225.90 226.60 224.40 220.60 217.30 215.00 213.40 214.80
 75. KM  220.80 222.20 221.70 222.50 220.20 216.30 212.90 210.20 207.70 208.20
 80. KM  217.70 218.10 217.80 217.90 215.10 211.20 208.00 205.40 202.90 203.00
 85. KM  211.40 211.10 210.20 209.10 206.60 203.50 200.80 198.60 197.10 196.70
 90. KM  200.60 200.20 199.00 197.40 195.30 193.20 191.50 190.60 190.30 190.30
 95. KM  193.70 193.30 191.90 190.00 188.20 187.00 186.50 186.70 187.30 187.60
100. KM  199.30 198.50 196.30 193.30 190.20 187.90 186.70 186.60 187.10 187.70
105. KM  221.60 220.00 217.10 212.60 207.20 202.00 198.00 195.90 195.70 197.10
110. KM  251.30 249.50 247.60 243.90 238.40 232.00 226.20 222.60 221.80 223.90
115. KM  298.20 298.30 299.90 301.60 302.40 302.00 300.70 299.60 299.40 300.80
120. KM  374.40 374.60 375.00 375.60 376.50 377.60 378.80 380.20 381.70 383.20
   
           -90    -80    -70    -60    -50    -40    -30    -20    -10    0
   
                                     L A T I T U D E
   
   
   
   
   
   
                             Temperature (K) FOR  A U G U S T
   
   
           0      10     20     30     40     50     60     70     80     90
   
  0. KM  299.90 300.90 300.20 298.90 294.80 287.00 283.80 279.30 273.40 267.50
  1. KM  294.20 295.10 294.60 293.50 289.60 282.20 278.70 274.40 269.00 263.60
  2. KM  288.60 289.30 289.10 288.10 284.40 277.50 273.70 269.50 264.60 259.80
  3. KM  282.90 283.50 283.50 282.70 279.20 272.70 268.60 264.60 260.30 255.90
  4. KM  277.30 277.70 278.00 277.30 274.00 268.00 263.60 259.70 255.90 252.10
  5. KM  271.10 271.50 271.90 271.30 268.00 262.20 257.90 254.40 251.30 248.10
  6. KM  264.90 265.20 265.70 265.20 262.00 256.50 252.20 249.10 246.60 244.10
  7. KM  258.10 258.50 259.10 258.60 255.20 249.80 245.90 243.40 241.70 240.00
  8. KM  251.40 251.90 252.40 251.90 248.40 243.00 239.60 237.80 236.90 236.00
  9. KM  244.60 245.20 245.80 245.30 241.60 236.30 233.30 232.10 232.00 231.90
 10. KM  237.90 238.50 239.10 238.60 234.80 229.60 227.00 226.40 227.10 227.80
 11. KM  230.70 231.30 232.10 232.30 230.30 227.50 226.40 226.50 227.50 228.60
 12. KM  223.50 224.10 225.10 226.00 225.80 225.40 225.80 226.60 228.00 229.40
 13. KM  216.40 216.80 218.10 219.80 221.40 223.40 225.10 226.70 228.40 230.10
 14. KM  209.20 209.60 211.10 213.50 216.90 221.30 224.50 226.80 228.90 230.90
 15. KM  206.30 206.70 208.20 210.90 215.00 220.40 224.30 226.90 229.10 231.30
 16. KM  203.50 203.80 205.40 208.30 213.10 219.60 224.10 227.10 229.40 231.70
 17. KM  205.00 205.20 206.60 209.40 213.90 219.90 224.30 227.20 229.50 231.80
 18. KM  206.40 206.50 207.90 210.40 214.60 220.30 224.60 227.40 229.60 231.80
 19. KM  207.90 207.90 209.10 211.50 215.40 220.60 224.80 227.50 229.70 231.90
 20. KM  209.40 209.30 210.40 212.60 216.10 221.00 225.00 227.70 229.80 231.90
 21. KM  211.20 211.20 212.20 214.30 217.40 221.70 225.30 227.70 229.70 231.70
 22. KM  212.90 213.10 214.00 216.00 218.70 222.40 225.50 227.80 229.60 231.50
 23. KM  214.70 214.90 215.90 217.70 220.10 223.10 225.80 227.80 229.60 231.30
 24. KM  216.40 216.80 217.70 219.40 221.40 223.80 226.00 227.90 229.50 231.10
 25. KM  218.30 218.70 219.50 221.10 222.90 225.10 227.00 228.70 230.10 231.60
 30. KM  227.90 228.30 228.50 229.60 230.80 233.50 234.70 235.80 236.40 237.00
 35. KM  241.40 240.70 240.40 240.40 242.10 245.20 247.30 248.60 248.80 249.00
 40. KM  254.90 253.50 251.90 252.50 255.50 257.20 259.50 261.60 262.20 262.80
 45. KM  264.20 262.90 262.50 261.90 263.90 266.00 268.50 270.70 272.20 273.70
 50. KM  267.10 266.00 263.80 263.10 263.80 267.10 269.20 272.40 275.50 278.60
 55. KM  258.80 257.50 254.00 252.50 252.90 256.20 260.50 264.80 268.40 272.00
 60. KM  244.20 244.70 243.80 241.40 240.70 243.20 248.90 254.80 258.80 262.80
 65. KM  228.50 229.50 229.70 228.20 227.00 229.10 234.80 240.10 244.20 248.20
 70. KM  214.80 216.50 217.10 216.40 215.60 216.00 218.80 221.10 224.30 227.50
 75. KM  208.20 209.60 210.60 209.80 206.20 202.00 199.40 199.50 201.90 204.40
 80. KM  203.00 203.80 204.10 202.30 196.10 188.10 181.10 178.20 178.80 179.40
 85. KM  196.70 196.50 195.30 191.80 185.00 176.40 167.90 162.00 159.10 156.30
 90. KM  190.30 189.80 187.70 183.30 176.50 168.50 160.80 154.70 150.90 147.10
 95. KM  187.60 187.00 184.60 180.70 175.50 170.20 165.30 161.50 159.10 156.70
100. KM  187.70 187.90 187.40 186.70 186.10 186.00 186.40 187.00 187.60 188.20
105. KM  197.10 199.80 203.50 208.20 214.00 220.50 227.30 233.10 237.20 241.30
110. KM  223.90 228.80 235.90 244.80 254.60 264.50 273.40 280.40 284.80 289.20
115. KM  300.80 303.90 308.30 313.10 317.20 320.10 321.50 321.60 321.30 320.90
120. KM  383.20 384.70 386.20 387.60 388.80 389.90 390.80 391.40 391.80 392.20
   
           0      10     20     30     40     50     60     70     80     90
   
                                     L A T I T U D E
   
   
   
   
   
   
                          Temperature (K) FOR  S E P T E M B E R
   
   
           -90    -80    -70    -60    -50    -40    -30    -20    -10    0
   
  0. KM  268.50 268.50 271.30 274.10 278.80 285.30 291.00 295.90 299.10 299.80
  1. KM  260.20 260.70 263.90 267.50 272.70 279.40 285.50 290.60 293.70 294.20
  2. KM  252.00 252.90 256.50 260.90 266.60 273.40 280.00 285.40 288.20 288.70
  3. KM  243.70 245.10 249.00 254.40 260.50 267.50 274.40 280.10 282.80 283.10
  4. KM  235.50 237.30 241.60 247.80 254.40 261.50 268.90 274.90 277.30 277.60
  5. KM  228.50 230.60 235.00 241.50 248.30 255.40 262.80 268.80 271.20 271.40
  6. KM  221.60 223.90 228.40 235.20 242.30 249.20 256.70 262.80 265.10 265.30
  7. KM  216.00 218.30 222.60 229.20 236.30 242.80 250.00 256.00 258.40 258.60
  8. KM  210.30 212.80 216.80 223.30 230.20 236.50 243.20 249.10 251.60 251.90
  9. KM  204.70 207.20 211.00 217.30 224.20 230.10 236.50 242.30 244.90 245.20
 10. KM  199.10 201.60 205.20 211.30 218.20 223.70 229.80 235.50 238.10 238.50
 11. KM  197.30 200.00 203.90 210.50 217.70 222.30 226.00 229.30 230.80 231.10
 12. KM  195.50 198.50 202.60 209.70 217.20 220.90 222.10 223.10 223.50 223.70
 13. KM  193.80 196.90 201.30 208.80 216.80 219.50 218.30 216.80 216.30 216.40
 14. KM  192.00 195.40 200.00 208.00 216.30 218.10 214.40 210.60 209.00 209.00
 15. KM  191.30 194.90 199.50 207.70 216.10 217.60 212.90 208.10 206.10 206.00
 16. KM  190.70 194.40 199.10 207.40 216.00 217.00 211.40 205.70 203.20 203.00
 17. KM  191.20 194.90 199.40 207.60 216.20 217.30 212.20 207.00 204.60 204.40
 18. KM  191.70 195.50 199.80 207.90 216.30 217.70 213.00 208.20 206.10 205.90
 19. KM  192.20 196.00 200.10 208.10 216.50 218.00 213.80 209.50 207.50 207.30
 20. KM  192.70 196.60 200.50 208.30 216.70 218.30 214.60 210.80 209.00 208.70
 21. KM  194.60 197.80 202.00 209.50 217.50 219.20 216.00 212.70 211.00 210.60
 22. KM  196.50 198.90 203.50 210.60 218.30 220.10 217.50 214.60 213.10 212.50
 23. KM  198.30 200.10 205.10 211.80 219.20 221.10 218.90 216.40 215.10 214.40
 24. KM  200.20 201.20 206.60 212.90 220.00 222.00 220.40 218.30 217.20 216.30
 25. KM  205.00 205.30 210.00 215.00 220.80 222.70 221.70 220.20 219.20 218.40
 30. KM  241.00 237.40 235.00 229.00 225.10 225.70 228.30 229.50 229.70 229.60
 35. KM  266.70 261.30 256.20 245.60 236.70 235.60 239.00 242.90 244.40 244.00
 40. KM  278.00 273.50 268.30 258.60 249.40 248.00 251.60 256.60 258.40 258.40
 45. KM  278.30 276.90 270.50 262.70 257.30 258.00 262.00 266.00 267.20 267.20
 50. KM  278.10 278.00 269.40 260.70 256.70 259.00 263.20 266.70 268.10 268.40
 55. KM  270.20 269.70 260.50 250.80 246.90 248.10 252.00 254.90 257.70 258.20
 60. KM  251.80 252.60 245.80 239.80 237.10 236.20 237.30 238.50 241.40 242.40
 65. KM  235.00 237.00 233.90 232.90 231.90 229.70 227.80 226.80 226.70 227.20
 70. KM  224.30 226.40 226.20 228.10 227.00 224.10 220.10 217.10 213.90 214.40
 75. KM  217.50 218.90 219.60 221.70 220.10 217.30 214.00 211.30 208.70 209.00
 80. KM  209.40 209.80 210.80 212.20 210.40 208.90 207.30 205.80 204.50 204.70
 85. KM  194.10 194.50 195.70 197.20 197.70 198.00 197.90 197.70 197.40 197.40
 90. KM  181.00 181.60 182.60 184.20 185.80 187.40 188.70 189.70 190.20 190.50
 95. KM  178.00 178.50 178.80 179.50 180.60 182.30 184.20 185.90 187.20 187.70
100. KM  191.20 190.90 189.70 188.20 186.80 186.00 186.00 186.60 187.30 187.70
105. KM  223.30 221.80 219.20 215.20 210.20 205.30 201.20 198.50 197.20 197.20
110. KM  260.90 259.10 257.00 253.10 247.20 240.20 233.30 227.90 224.80 224.50
115. KM  307.70 307.60 308.90 310.10 310.30 309.20 306.90 304.40 302.70 302.60
120. KM  382.90 382.80 383.00 383.10 383.40 383.70 384.10 384.50 384.90 385.30
   
           -90    -80    -70    -60    -50    -40    -30    -20    -10    0
   
                                     L A T I T U D E
   
   
   
   
   
   
                          Temperature (K) FOR  S E P T E M B E R
   
   
           0      10     20     30     40     50     60     70     80     90
   
  0. KM  299.80 300.80 300.30 298.50 293.50 286.10 281.30 275.50 268.60 261.70
  1. KM  294.20 295.10 294.70 293.00 288.00 280.70 275.80 270.30 264.20 258.10
  2. KM  288.70 289.40 289.10 287.40 282.50 275.40 270.30 265.10 259.80 254.40
  3. KM  283.10 283.70 283.40 281.90 277.10 270.00 264.80 259.90 255.30 250.80
  4. KM  277.60 278.00 277.80 276.30 271.60 264.70 259.30 254.70 250.90 247.10
  5. KM  271.40 271.80 271.70 270.10 265.40 258.70 253.60 249.50 246.40 243.40
  6. KM  265.30 265.60 265.50 264.00 259.20 252.70 247.90 244.30 242.00 239.60
  7. KM  258.60 258.90 258.80 257.10 252.20 246.10 241.90 239.10 237.40 235.70
  8. KM  251.90 252.20 252.00 250.30 245.30 239.60 236.00 234.00 232.90 231.80
  9. KM  245.20 245.50 245.30 243.40 238.30 233.00 230.00 228.80 228.30 227.90
 10. KM  238.50 238.80 238.60 236.60 231.40 226.40 224.10 223.60 223.80 224.00
 11. KM  231.10 231.40 231.50 230.50 227.50 224.80 223.70 223.70 224.10 224.50
 12. KM  223.70 224.00 224.40 224.50 223.60 223.10 223.30 223.80 224.40 224.90
 13. KM  216.40 216.60 217.40 218.40 219.80 221.50 223.00 223.90 224.60 225.40
 14. KM  209.00 209.20 210.30 212.40 215.90 219.80 222.60 224.00 224.90 225.80
 15. KM  206.00 206.20 207.40 210.00 214.30 219.20 222.40 223.90 224.90 225.80
 16. KM  203.00 203.20 204.60 207.60 212.80 218.50 222.20 223.90 224.80 225.80
 17. KM  204.40 204.60 206.00 208.90 213.60 218.80 222.10 223.70 224.40 225.20
 18. KM  205.90 206.00 207.40 210.20 214.40 219.00 222.10 223.40 224.10 224.70
 19. KM  207.30 207.40 208.80 211.50 215.20 219.30 222.00 223.20 223.70 224.10
 20. KM  208.70 208.80 210.20 212.80 216.00 219.60 222.00 223.00 223.30 223.60
 21. KM  210.60 210.70 212.00 214.30 217.00 220.00 222.00 222.80 222.90 223.10
 22. KM  212.50 212.60 213.80 215.70 218.00 220.40 222.00 222.50 222.50 222.60
 23. KM  214.40 214.50 215.50 217.20 219.00 220.80 222.00 222.30 222.20 222.00
 24. KM  216.30 216.40 217.30 218.60 220.00 221.20 222.00 222.00 221.80 221.50
 25. KM  218.40 218.50 219.30 220.20 221.30 222.10 222.60 222.40 222.00 221.60
 30. KM  229.60 229.70 229.70 228.70 228.70 228.40 228.00 226.70 225.50 224.30
 35. KM  244.00 243.20 241.90 240.50 239.90 239.80 238.60 235.10 233.30 231.50
 40. KM  258.40 257.20 255.20 252.90 253.20 252.30 249.60 246.00 244.30 242.60
 45. KM  267.20 266.10 264.60 262.60 262.30 261.80 259.90 257.50 255.70 254.00
 50. KM  268.40 267.40 266.00 265.30 264.40 263.50 262.50 262.20 261.70 261.20
 55. KM  258.20 257.30 254.50 253.20 252.00 251.50 252.00 253.50 255.70 257.80
 60. KM  242.40 242.30 242.80 240.20 238.60 238.80 241.10 243.60 247.20 250.80
 65. KM  227.20 228.60 230.20 229.70 227.10 226.50 229.70 232.70 235.90 239.20
 70. KM  214.40 216.10 218.30 218.60 217.00 216.80 219.40 220.60 221.50 222.40
 75. KM  209.00 210.20 211.30 212.10 210.80 209.10 209.00 210.00 209.70 209.40
 80. KM  204.70 205.10 205.00 205.30 203.50 200.20 197.70 197.60 196.00 194.40
 85. KM  197.40 197.40 196.60 195.30 192.40 188.00 183.70 180.80 178.20 175.60
 90. KM  190.50 190.10 188.80 186.30 182.40 177.70 173.00 169.30 166.80 164.30
 95. KM  187.70 187.00 185.30 182.40 178.90 175.30 172.20 169.90 168.40 167.00
100. KM  187.70 187.50 186.80 186.00 185.50 185.60 186.20 187.10 187.80 188.50
105. KM  197.20 198.40 200.70 204.20 208.90 214.20 219.50 223.90 226.80 229.60
110. KM  224.50 226.90 231.80 238.80 246.90 255.10 262.00 266.80 269.50 272.20
115. KM  302.60 304.20 307.10 310.60 313.70 315.60 316.00 315.40 314.40 313.40
120. KM  385.30 385.80 386.20 386.60 387.00 387.30 387.50 387.70 387.80 387.90
   
           0      10     20     30     40     50     60     70     80     90
   
                                     L A T I T U D E
   
   
   
   
   
   
                            Temperature (K) FOR  O C T O B E R
   
   
           -90    -80    -70    -60    -50    -40    -30    -20    -10    0
   
  0. KM  270.20 270.20 273.30 276.40 280.50 286.40 292.10 296.50 299.30 300.10
  1. KM  262.30 262.80 266.00 269.70 274.40 280.60 286.60 291.10 293.80 294.50
  2. KM  254.50 255.40 258.70 263.00 268.20 274.80 281.00 285.70 288.30 288.90
  3. KM  246.60 247.90 251.50 256.30 262.10 269.00 275.50 280.20 282.90 283.30
  4. KM  238.80 240.50 244.20 249.60 255.90 263.20 269.90 274.80 277.40 277.70
  5. KM  232.10 234.10 237.80 243.40 249.90 257.00 263.80 268.80 271.30 271.60
  6. KM  225.50 227.60 231.30 237.20 243.90 250.90 257.60 262.70 265.20 265.40
  7. KM  220.10 222.10 225.80 231.50 238.00 244.40 250.70 256.00 258.50 258.70
  8. KM  214.60 216.60 220.20 225.80 232.00 237.80 243.90 249.20 251.80 252.10
  9. KM  209.20 211.10 214.70 220.10 226.10 231.30 237.00 242.50 245.10 245.40
 10. KM  203.80 205.60 209.10 214.40 220.20 224.80 230.20 235.80 238.40 238.70
 11. KM  203.30 205.10 208.80 214.30 219.90 223.20 226.20 229.40 230.80 231.00
 12. KM  202.80 204.60 208.50 214.20 219.50 221.60 222.20 223.00 223.20 223.30
 13. KM  202.20 204.10 208.20 214.20 219.20 220.00 218.20 216.70 215.70 215.50
 14. KM  201.70 203.60 207.90 214.10 218.80 218.40 214.20 210.30 208.10 207.80
 15. KM  202.10 203.90 208.20 214.30 218.80 217.80 212.60 207.70 205.10 204.80
 16. KM  202.50 204.30 208.50 214.50 218.70 217.10 210.90 205.10 202.10 201.70
 17. KM  203.80 205.50 209.40 215.00 218.90 217.40 211.70 206.40 203.60 203.30
 18. KM  205.00 206.60 210.20 215.40 219.20 217.80 212.40 207.60 205.20 204.90
 19. KM  206.30 207.80 211.10 215.90 219.40 218.10 213.20 208.90 206.70 206.50
 20. KM  207.60 209.00 212.00 216.40 219.60 218.40 213.90 210.10 208.30 208.10
 21. KM  209.00 210.50 213.60 218.30 220.60 219.30 215.40 212.10 210.60 210.30
 22. KM  210.40 212.00 215.30 220.20 221.60 220.20 216.90 214.20 212.80 212.40
 23. KM  211.80 213.60 216.90 222.00 222.60 221.10 218.50 216.20 215.10 214.60
 24. KM  213.20 215.10 218.60 223.90 223.60 222.00 220.00 218.30 217.30 216.70
 25. KM  216.90 218.50 221.20 225.50 224.30 222.70 221.50 220.40 219.60 219.10
 30. KM  245.00 242.80 238.50 232.00 226.70 225.80 228.90 231.10 230.80 231.40
 35. KM  271.20 267.80 259.30 247.40 240.20 239.40 241.80 244.90 246.80 246.90
 40. KM  286.60 283.60 274.10 261.60 255.00 254.60 255.70 258.30 260.00 260.30
 45. KM  284.00 283.50 276.40 268.80 265.00 265.00 266.30 267.30 267.60 267.90
 50. KM  278.50 279.30 273.10 267.70 264.90 266.30 267.50 268.10 268.10 268.60
 55. KM  266.50 266.80 261.50 256.50 254.60 254.50 254.90 255.10 257.00 257.90
 60. KM  251.40 251.30 248.30 245.20 243.30 242.00 241.10 240.00 241.60 241.90
 65. KM  236.90 237.20 236.80 236.70 235.80 233.80 231.60 228.80 226.30 225.10
 70. KM  228.50 228.20 228.80 229.10 227.60 224.70 221.40 217.90 212.90 211.80
 75. KM  214.30 214.40 215.80 217.30 216.00 214.90 213.20 210.70 209.00 210.00
 80. KM  195.90 196.40 198.60 201.30 201.70 203.80 204.80 204.90 205.80 207.90
 85. KM  173.40 174.70 177.90 182.30 186.40 191.00 194.40 196.20 197.50 198.80
 90. KM  160.90 162.40 165.50 170.10 175.40 180.90 185.40 188.50 190.10 190.80
 95. KM  164.40 165.40 167.20 170.00 173.70 177.80 181.90 185.10 187.10 187.70
100. KM  187.00 187.00 186.40 185.80 185.40 185.40 186.10 186.90 187.60 187.70
105. KM  229.80 228.30 225.30 220.80 215.30 209.80 205.00 201.30 198.70 197.10
110. KM  274.10 271.80 268.90 263.70 256.50 248.20 239.70 232.40 227.00 223.90
115. KM  314.70 314.50 315.30 315.80 315.20 313.10 309.80 305.90 302.70 300.70
120. KM  387.40 387.10 387.00 386.60 386.20 385.70 385.10 384.40 383.70 382.90
   
           -90    -80    -70    -60    -50    -40    -30    -20    -10    0
   
                                     L A T I T U D E
   
   
   
   
   
   
                            Temperature (K) FOR  O C T O B E R
   
   
           0      10     20     30     40     50     60     70     80     90
   
  0. KM  300.10 300.90 300.10 297.00 291.10 283.50 277.00 268.30 261.60 254.90
  1. KM  294.50 295.20 294.40 291.20 285.30 277.80 271.30 263.30 257.10 250.90
  2. KM  288.90 289.50 288.80 285.50 279.50 272.00 265.60 258.30 252.60 246.80
  3. KM  283.30 283.80 283.10 279.70 273.60 266.30 259.80 253.30 248.00 242.80
  4. KM  277.70 278.10 277.50 274.00 267.80 260.50 254.10 248.30 243.50 238.70
  5. KM  271.60 271.90 271.20 267.60 261.40 254.50 248.60 243.50 239.40 235.30
  6. KM  265.40 265.70 264.90 261.20 255.10 248.50 243.00 238.80 235.30 231.80
  7. KM  258.70 258.90 258.10 254.30 248.10 242.20 237.60 234.20 231.60 229.00
  8. KM  252.10 252.20 251.20 247.30 241.20 235.80 232.20 229.70 227.90 226.10
  9. KM  245.40 245.40 244.40 240.40 234.20 229.50 226.80 225.10 224.20 223.30
 10. KM  238.70 238.70 237.50 233.40 227.30 223.20 221.40 220.60 220.50 220.40
 11. KM  231.00 231.00 230.40 228.00 224.20 221.90 221.10 220.60 220.40 220.30
 12. KM  223.30 223.40 223.30 222.60 221.20 220.70 220.80 220.60 220.40 220.20
 13. KM  215.50 215.70 216.30 217.10 218.10 219.40 220.60 220.60 220.30 220.00
 14. KM  207.80 208.10 209.20 211.70 215.10 218.20 220.30 220.60 220.30 219.90
 15. KM  204.80 205.00 206.40 209.60 213.80 217.60 220.00 220.30 219.70 219.20
 16. KM  201.70 201.90 203.60 207.40 212.50 217.00 219.70 219.90 219.20 218.50
 17. KM  203.30 203.50 205.00 208.50 213.00 217.00 219.40 219.20 218.20 217.10
 18. KM  204.90 205.00 206.50 209.50 213.50 217.10 219.00 218.50 217.10 215.80
 19. KM  206.50 206.60 207.90 210.60 214.00 217.10 218.70 217.80 216.10 214.40
 20. KM  208.10 208.10 209.40 211.70 214.50 217.20 218.40 217.10 215.10 213.10
 21. KM  210.30 210.30 211.50 213.40 215.50 217.40 218.00 216.40 214.20 212.00
 22. KM  212.40 212.50 213.60 215.10 216.50 217.60 217.60 215.70 213.30 210.90
 23. KM  214.60 214.80 215.70 216.80 217.50 217.80 217.20 215.10 212.40 209.70
 24. KM  216.70 217.00 217.80 218.50 218.50 218.00 216.80 214.40 211.50 208.60
 25. KM  219.10 219.30 219.90 220.10 219.60 218.50 216.80 214.20 211.10 208.00
 30. KM  231.40 231.50 230.70 228.00 225.10 222.10 218.50 215.60 211.40 207.20
 35. KM  246.90 245.80 243.00 239.50 236.10 232.20 227.40 220.20 214.40 208.50
 40. KM  260.30 259.30 256.40 252.30 249.10 245.40 239.20 232.60 228.90 225.20
 45. KM  267.90 267.20 265.40 263.00 260.30 256.10 251.60 248.20 246.80 245.30
 50. KM  268.60 268.00 266.50 266.00 263.70 259.00 256.50 255.80 256.30 256.80
 55. KM  257.90 257.40 255.80 254.10 252.20 249.50 247.90 249.70 253.20 256.60
 60. KM  241.90 241.50 241.20 239.70 239.00 238.30 240.00 244.00 249.20 254.40
 65. KM  225.10 225.70 228.20 229.60 228.00 227.90 232.00 236.10 240.30 244.50
 70. KM  211.80 212.90 216.00 218.20 219.00 221.00 225.60 228.00 230.50 233.00
 75. KM  210.00 210.70 211.40 213.00 214.50 216.80 220.30 223.70 226.20 228.60
 80. KM  207.90 208.00 206.90 207.60 209.20 211.30 213.00 216.90 219.00 221.10
 85. KM  198.80 198.90 198.40 198.80 199.30 200.10 200.30 201.50 202.00 202.50
 90. KM  190.80 190.60 190.00 189.50 189.00 188.40 187.80 187.60 187.40 187.20
 95. KM  187.70 187.20 186.10 184.80 183.50 182.70 182.30 182.30 182.40 182.50
100. KM  187.70 187.20 186.50 186.10 186.40 187.50 189.20 191.10 192.50 193.90
105. KM  197.10 196.60 197.60 200.00 204.00 208.80 213.70 217.70 220.30 222.80
110. KM  223.90 223.50 225.80 230.60 237.10 243.80 249.30 253.00 254.90 256.80
115. KM  300.70 300.40 301.70 303.80 305.60 306.60 306.10 304.80 303.40 301.90
120. KM  382.90 382.20 381.40 380.80 380.10 379.60 379.20 378.90 378.70 378.50
   
           0      10     20     30     40     50     60     70     80     90
   
                                     L A T I T U D E
   
   
   
   
   
   
                           Temperature (K) FOR  N O V E M B E R
   
   
           -90    -80    -70    -60    -50    -40    -30    -20    -10    0
   
  0. KM  265.40 265.40 269.90 274.40 280.20 287.30 292.90 297.20 299.70 300.20
  1. KM  258.90 259.40 263.70 268.40 274.60 281.80 287.50 291.90 294.10 294.60
  2. KM  252.40 253.50 257.40 262.40 269.00 276.30 282.20 286.50 288.60 289.00
  3. KM  245.90 247.50 251.20 256.50 263.30 270.80 276.80 281.20 283.00 283.30
  4. KM  239.40 241.60 244.90 250.50 257.70 265.30 271.50 275.80 277.50 277.70
  5. KM  234.30 236.50 239.60 244.90 251.90 259.20 265.30 269.80 271.30 271.60
  6. KM  229.10 231.40 234.30 239.40 246.20 253.10 259.10 263.70 265.20 265.50
  7. KM  225.30 227.30 229.80 234.30 240.30 246.40 252.10 256.80 258.50 258.80
  8. KM  221.60 223.10 225.40 229.20 234.30 239.60 245.10 250.00 251.90 252.20
  9. KM  217.80 219.00 220.90 224.10 228.40 232.90 238.10 243.10 245.20 245.50
 10. KM  214.00 214.80 216.50 219.00 222.50 226.20 231.10 236.30 238.50 238.90
 11. KM  216.70 217.10 218.30 219.90 222.10 224.00 226.60 229.60 230.70 230.90
 12. KM  219.40 219.30 220.10 220.80 221.70 221.80 222.10 222.90 222.80 222.90
 13. KM  222.00 221.60 221.80 221.60 221.20 219.60 217.60 216.20 215.00 214.90
 14. KM  224.70 223.80 223.60 222.50 220.80 217.40 213.10 209.50 207.10 206.90
 15. KM  226.90 225.70 225.10 223.40 220.80 216.40 211.20 206.70 204.00 203.70
 16. KM  229.10 227.60 226.70 224.30 220.70 215.50 209.20 204.00 200.90 200.50
 17. KM  230.70 229.20 228.00 225.20 221.00 215.80 209.90 205.10 202.50 202.00
 18. KM  232.40 230.70 229.20 226.10 221.40 216.00 210.50 206.30 204.00 203.60
 19. KM  234.00 232.30 230.50 227.00 221.70 216.30 211.20 207.40 205.60 205.10
 20. KM  235.70 233.80 231.80 227.90 222.00 216.60 211.80 208.60 207.20 206.70
 21. KM  236.30 234.10 232.40 228.40 223.00 217.90 213.60 210.90 209.60 209.20
 22. KM  236.90 234.50 232.90 228.90 224.00 219.10 215.50 213.10 212.00 211.60
 23. KM  237.60 234.80 233.50 229.40 224.90 220.40 217.30 215.40 214.50 214.10
 24. KM  238.20 235.20 234.00 229.90 225.90 221.60 219.20 217.60 216.90 216.50
 25. KM  239.50 236.40 235.20 231.00 227.00 222.90 221.00 219.80 219.20 218.90
 30. KM  248.60 246.60 243.60 238.60 232.50 229.40 229.90 230.50 229.90 230.60
 35. KM  264.50 263.10 259.70 254.90 250.50 247.80 246.50 246.70 247.30 247.40
 40. KM  278.90 277.70 274.20 269.50 267.00 265.30 262.20 261.00 260.30 260.00
 45. KM  283.80 283.70 280.60 277.30 275.20 273.90 271.50 268.90 266.80 266.00
 50. KM  283.90 283.70 280.30 276.70 274.20 273.00 271.90 269.80 267.00 266.50
 55. KM  273.80 273.30 269.80 265.80 263.10 261.10 258.70 256.70 257.30 258.00
 60. KM  260.40 259.30 255.90 251.40 248.70 245.60 244.40 243.20 245.00 244.80
 65. KM  241.80 241.00 239.40 237.10 235.30 233.20 231.10 229.70 228.40 226.40
 70. KM  227.30 226.30 225.60 223.90 221.90 220.30 218.50 216.60 213.40 210.90
 75. KM  205.10 205.00 206.10 207.00 207.20 208.30 209.20 209.70 209.50 209.70
 80. KM  179.20 180.00 182.90 186.60 190.60 196.00 200.70 203.70 206.00 208.00
 85. KM  155.30 157.20 161.80 168.30 175.90 183.90 190.60 194.80 197.30 198.70
 90. KM  146.00 148.30 152.60 159.20 167.10 175.40 182.50 187.40 189.90 190.70
 95. KM  156.00 157.40 160.00 164.10 169.20 174.90 180.30 184.50 186.90 187.70
100. KM  187.30 187.30 186.70 186.10 185.80 186.00 186.70 187.50 187.90 187.70
105. KM  239.50 237.80 233.50 227.40 220.60 214.00 208.30 203.50 199.70 196.70
110. KM  287.10 284.50 279.90 272.70 263.70 253.80 244.00 235.20 227.90 222.70
115. KM  318.90 318.50 318.70 318.50 317.00 314.00 309.80 304.90 300.40 297.00
120. KM  388.40 388.20 387.70 387.00 386.00 384.70 383.30 381.70 380.00 378.30
   
           -90    -80    -70    -60    -50    -40    -30    -20    -10    0
   
                                     L A T I T U D E
   
   
   
   
   
   
                           Temperature (K) FOR  N O V E M B E R
   
   
           0      10     20     30     40     50     60     70     80     90
   
  0. KM  300.20 300.60 299.30 295.00 288.30 281.00 271.80 261.20 255.70 250.20
  1. KM  294.60 295.00 293.60 289.00 282.10 274.80 266.10 256.70 251.80 246.80
  2. KM  289.00 289.40 287.90 283.10 276.00 268.50 260.40 252.20 247.80 243.40
  3. KM  283.30 283.70 282.30 277.10 269.80 262.30 254.70 247.70 243.90 240.10
  4. KM  277.70 278.10 276.60 271.20 263.70 256.00 249.00 243.20 239.90 236.70
  5. KM  271.60 271.90 270.30 264.70 257.20 250.00 243.80 238.90 236.10 233.20
  6. KM  265.50 265.70 263.90 258.20 250.80 243.90 238.50 234.60 232.20 229.80
  7. KM  258.80 258.90 256.90 251.30 244.10 238.10 233.70 230.50 228.40 226.30
  8. KM  252.20 252.20 250.00 244.30 237.30 232.20 228.90 226.30 224.50 222.70
  9. KM  245.50 245.40 243.00 237.40 230.60 226.40 224.10 222.20 220.70 219.20
 10. KM  238.90 238.60 236.00 230.40 223.90 220.50 219.30 218.10 216.90 215.70
 11. KM  230.90 230.70 229.10 225.60 221.60 219.70 219.00 217.80 216.40 215.00
 12. KM  222.90 222.90 222.20 220.90 219.30 218.90 218.70 217.50 215.90 214.40
 13. KM  214.90 215.00 215.40 216.10 217.00 218.10 218.50 217.20 215.50 213.70
 14. KM  206.90 207.20 208.50 211.40 214.70 217.30 218.20 216.90 215.00 213.10
 15. KM  203.70 204.00 205.70 209.40 213.70 216.80 217.80 216.30 214.20 212.00
 16. KM  200.50 200.80 203.00 207.40 212.70 216.30 217.40 215.70 213.30 211.00
 17. KM  202.00 202.30 204.40 208.20 213.00 216.10 216.90 214.80 212.20 209.50
 18. KM  203.60 203.80 205.70 209.10 213.20 216.00 216.30 214.00 211.00 208.10
 19. KM  205.10 205.30 207.10 209.90 213.50 215.80 215.80 213.10 209.90 206.60
 20. KM  206.70 206.80 208.50 210.70 213.80 215.60 215.30 212.20 208.70 205.20
 21. KM  209.20 209.30 210.70 212.30 214.40 215.40 214.40 211.00 207.30 203.70
 22. KM  211.60 211.80 212.90 213.90 215.00 215.20 213.40 209.80 206.00 202.20
 23. KM  214.10 214.30 215.10 215.40 215.70 214.90 212.50 208.50 204.60 200.70
 24. KM  216.50 216.80 217.30 217.00 216.30 214.70 211.50 207.30 203.30 199.20
 25. KM  218.90 219.20 219.30 218.50 216.90 214.70 211.00 206.60 202.50 198.30
 30. KM  230.60 230.80 228.90 225.80 220.40 215.10 209.90 205.40 201.00 196.60
 35. KM  247.40 246.50 243.80 238.30 231.80 224.50 220.00 215.80 212.20 208.60
 40. KM  260.00 259.60 257.80 252.70 245.60 239.00 234.90 232.40 231.40 230.40
 45. KM  266.00 265.90 265.80 262.50 257.90 251.60 249.00 250.40 251.90 253.40
 50. KM  266.50 266.40 265.30 263.30 259.50 256.90 256.60 260.20 261.70 263.20
 55. KM  258.00 257.70 255.60 252.80 250.00 249.50 250.40 254.10 255.80 257.60
 60. KM  244.80 244.20 242.20 240.20 238.30 239.80 243.10 246.00 247.10 248.20
 65. KM  226.40 225.80 227.40 229.10 229.90 232.70 237.20 237.10 236.90 236.70
 70. KM  210.90 211.00 213.90 218.30 222.90 227.10 231.60 230.40 230.00 229.60
 75. KM  209.70 210.00 211.20 214.30 218.80 223.20 227.00 227.70 228.50 229.30
 80. KM  208.00 208.40 208.10 210.30 214.40 218.70 221.80 224.50 226.40 228.30
 85. KM  198.70 199.30 199.90 202.10 205.50 209.20 212.40 215.10 216.90 218.70
 90. KM  190.70 190.80 190.90 192.20 194.50 197.40 200.30 202.80 204.60 206.40
 95. KM  187.70 187.30 186.80 186.90 188.00 190.00 192.50 195.00 196.80 198.50
100. KM  187.70 187.10 186.60 186.90 188.40 191.10 194.60 198.00 200.50 203.00
105. KM  196.70 195.10 195.10 197.10 201.00 206.20 211.70 216.40 219.40 222.50
110. KM  222.70 220.10 220.40 223.60 229.00 235.10 240.40 244.10 245.90 247.70
115. KM  297.00 295.20 295.10 295.90 296.90 297.10 296.10 294.40 292.70 291.00
120. KM  378.30 376.50 374.90 373.30 371.90 370.60 369.60 368.90 368.40 367.90
   
           0      10     20     30     40     50     60     70     80     90
   
                                     L A T I T U D E
   
   
   
   
   
   
                           Temperature (K) FOR  D E C E M B E R
   
   
           -90    -80    -70    -60    -50    -40    -30    -20    -10    0
   
  0. KM  268.00 268.00 271.50 275.00 281.30 288.60 294.60 298.20 300.20 300.50
  1. KM  262.20 262.60 265.80 269.40 275.80 283.20 289.20 292.80 294.60 294.90
  2. KM  256.40 257.20 260.10 263.80 270.30 277.80 283.80 287.40 289.00 289.20
  3. KM  250.60 251.70 254.40 258.20 264.90 272.50 278.50 282.00 283.30 283.60
  4. KM  244.80 246.30 248.70 252.60 259.40 267.10 273.10 276.60 277.70 277.90
  5. KM  240.20 241.80 243.80 247.40 253.70 261.00 266.90 270.50 271.60 271.80
  6. KM  235.70 237.30 238.90 242.10 247.90 254.90 260.70 264.40 265.40 265.60
  7. KM  232.40 233.80 234.80 237.30 241.90 248.10 253.80 257.60 258.80 258.90
  8. KM  229.10 230.20 230.80 232.40 236.00 241.20 246.80 250.90 252.10 252.30
  9. KM  225.80 226.70 226.70 227.60 230.00 234.40 239.90 244.10 245.50 245.60
 10. KM  222.50 223.10 222.60 222.70 224.00 227.60 232.90 237.30 238.80 238.90
 11. KM  224.70 224.90 224.10 223.50 223.40 224.80 227.70 230.30 230.90 230.90
 12. KM  226.90 226.60 225.60 224.30 222.80 222.00 222.50 223.30 223.00 222.90
 13. KM  229.00 228.40 227.10 225.20 222.10 219.10 217.30 216.20 215.20 214.90
 14. KM  231.20 230.10 228.60 226.00 221.50 216.30 212.10 209.20 207.30 206.90
 15. KM  232.80 231.40 229.70 226.60 221.40 215.10 209.90 206.30 204.10 203.60
 16. KM  234.50 232.70 230.90 227.30 221.20 213.90 207.70 203.40 200.80 200.20
 17. KM  235.50 233.60 231.70 227.80 221.50 214.40 208.50 204.50 202.20 201.60
 18. KM  236.60 234.40 232.40 228.30 221.70 214.80 209.40 205.70 203.70 202.90
 19. KM  237.60 235.30 233.20 228.80 222.00 215.30 210.20 206.80 205.10 204.30
 20. KM  238.70 236.10 234.00 229.30 222.30 215.70 211.00 208.00 206.50 205.60
 21. KM  238.60 236.10 234.30 230.00 223.50 217.50 213.20 210.50 209.10 208.20
 22. KM  238.40 236.10 234.60 230.70 224.70 219.30 215.50 213.00 211.70 210.80
 23. KM  238.30 236.20 234.80 231.40 226.00 221.10 217.70 215.40 214.30 213.50
 24. KM  238.10 236.20 235.10 232.10 227.20 222.90 220.00 217.90 216.90 216.10
 25. KM  239.00 237.10 236.20 233.40 228.80 224.80 222.00 220.10 219.10 218.40
 30. KM  247.10 245.00 244.90 242.70 238.00 234.70 231.70 230.20 228.60 228.60
 35. KM  264.70 263.00 261.50 258.30 254.60 251.40 248.70 245.90 244.40 244.80
 40. KM  278.60 277.80 275.70 272.80 269.90 266.70 263.60 260.00 257.30 256.90
 45. KM  286.70 286.40 283.70 280.60 277.30 275.10 271.50 267.90 264.30 263.30
 50. KM  289.20 288.80 284.90 280.60 276.60 273.80 271.00 268.90 266.40 265.70
 55. KM  281.10 280.50 276.20 271.30 267.30 263.20 260.40 258.90 260.30 260.80
 60. KM  267.30 266.30 262.50 257.70 253.50 248.80 246.70 246.80 250.30 250.60
 65. KM  246.60 245.70 243.40 240.10 236.40 232.30 229.40 229.60 231.90 231.90
 70. KM  226.00 225.00 223.90 221.80 218.60 216.00 214.40 214.30 214.60 214.00
 75. KM  199.00 199.10 199.50 200.00 200.90 203.20 206.00 208.40 209.10 209.60
 80. KM  169.40 170.70 173.20 177.00 183.10 190.80 198.00 202.40 204.40 206.10
 85. KM  145.80 148.30 153.10 160.40 169.80 179.80 188.40 193.80 196.40 197.80
 90. KM  139.00 141.50 146.40 153.80 163.00 172.60 181.00 186.80 189.60 190.50
 95. KM  152.50 154.10 157.10 161.60 167.40 173.70 179.60 184.20 186.90 187.70
100. KM  189.10 189.10 188.20 187.30 186.70 186.80 187.30 187.90 188.10 187.70
105. KM  247.40 245.50 239.80 232.20 224.10 216.60 210.20 204.70 200.10 196.60
110. KM  296.40 293.50 287.40 278.40 268.00 257.00 246.30 236.60 228.40 222.00
115. KM  321.80 321.10 321.00 320.20 318.20 314.70 309.90 304.40 299.20 295.10
120. KM  389.20 388.90 388.30 387.40 386.00 384.40 382.50 380.50 378.30 376.00
   
           -90    -80    -70    -60    -50    -40    -30    -20    -10    0
   
                                     L A T I T U D E
   
   
   
   
   
   
                           Temperature (K) FOR  D E C E M B E R
   
   
           0      10     20     30     40     50     60     70     80     90
   
  0. KM  300.50 300.30 298.10 293.00 286.00 279.10 268.10 257.00 251.60 246.20
  1. KM  294.90 294.70 292.50 287.00 279.60 272.50 262.70 252.90 248.00 243.00
  2. KM  289.20 289.10 286.90 281.00 273.20 266.00 257.20 248.90 244.30 239.80
  3. KM  283.60 283.60 281.30 275.10 266.90 259.40 251.80 244.80 240.70 236.50
  4. KM  277.90 278.00 275.70 269.10 260.50 252.90 246.30 240.80 237.00 233.30
  5. KM  271.80 271.80 269.40 262.70 254.10 246.90 241.30 236.70 233.40 230.10
  6. KM  265.60 265.60 263.10 256.30 247.70 240.90 236.30 232.60 229.70 226.80
  7. KM  258.90 258.80 256.20 249.40 241.30 235.50 231.70 228.50 226.00 223.50
  8. KM  252.30 251.90 249.20 242.60 235.00 230.10 227.10 224.30 222.20 220.10
  9. KM  245.60 245.10 242.30 235.70 228.60 224.70 222.50 220.20 218.50 216.80
 10. KM  238.90 238.30 235.30 228.90 222.20 219.30 217.90 216.10 214.80 213.50
 11. KM  230.90 230.50 228.60 224.60 220.50 218.80 217.70 215.60 213.90 212.20
 12. KM  222.90 222.70 221.80 220.20 218.70 218.40 217.40 215.10 213.00 211.00
 13. KM  214.90 214.80 215.10 215.90 217.00 217.90 217.20 214.60 212.20 209.70
 14. KM  206.90 207.00 208.30 211.50 215.20 217.50 216.90 214.10 211.30 208.50
 15. KM  203.60 203.80 205.60 209.70 214.40 217.10 216.60 213.40 210.20 207.00
 16. KM  200.20 200.60 202.80 207.90 213.60 216.80 216.20 212.70 209.20 205.60
 17. KM  201.60 201.90 204.10 208.50 213.80 216.60 215.70 211.80 208.00 204.10
 18. KM  202.90 203.30 205.30 209.20 213.90 216.30 215.10 211.00 206.70 202.50
 19. KM  204.30 204.60 206.60 209.80 214.10 216.10 214.60 210.10 205.50 201.00
 20. KM  205.60 206.00 207.80 210.50 214.20 215.90 214.10 209.20 204.30 199.40
 21. KM  208.20 208.60 210.10 212.10 214.80 215.60 213.10 207.60 202.20 196.80
 22. KM  210.80 211.10 212.40 213.80 215.50 215.30 212.10 206.00 200.10 194.20
 23. KM  213.50 213.70 214.60 215.40 216.10 215.10 211.00 204.30 198.00 191.70
 24. KM  216.10 216.20 216.90 217.10 216.80 214.80 210.00 202.70 195.90 189.10
 25. KM  218.40 218.60 219.00 218.80 217.60 214.90 209.70 202.20 195.60 189.00
 30. KM  228.60 229.20 228.30 227.50 223.10 217.10 211.30 203.60 201.00 198.40
 35. KM  244.80 244.90 244.20 240.40 234.00 224.40 219.90 217.80 219.30 220.70
 40. KM  256.90 257.20 258.60 255.30 247.10 236.90 233.00 233.60 235.60 237.60
 45. KM  263.30 263.60 265.90 263.60 258.20 248.60 246.00 248.50 250.00 251.40
 50. KM  265.70 265.80 265.70 262.90 258.20 253.50 254.20 258.60 260.10 261.60
 55. KM  260.80 260.00 256.70 251.60 246.20 245.50 250.00 255.80 257.80 259.70
 60. KM  250.60 249.20 244.90 239.70 233.90 237.00 244.20 248.60 249.40 250.20
 65. KM  231.90 230.40 229.40 228.50 227.40 231.50 238.50 239.90 239.90 239.90
 70. KM  214.00 213.30 213.50 217.30 221.70 227.70 232.90 233.30 233.60 233.90
 75. KM  209.60 209.30 209.50 213.00 218.90 224.00 227.80 229.20 230.80 232.30
 80. KM  206.10 206.20 206.30 209.90 215.70 220.70 223.80 226.70 229.30 231.90
 85. KM  197.80 198.50 199.80 203.40 208.50 213.60 217.80 221.40 224.10 226.80
 90. KM  190.50 190.60 191.30 193.60 197.50 202.10 206.80 210.90 213.80 216.70
 95. KM  187.70 187.40 187.20 188.00 190.50 194.20 198.50 202.40 205.30 208.10
100. KM  187.70 187.00 186.80 187.60 190.00 193.90 198.60 203.10 206.30 209.50
105. KM  196.60 194.40 194.00 195.90 200.10 205.90 212.10 217.40 221.00 224.60
110. KM  222.00 218.30 217.60 220.20 225.20 231.40 236.90 240.80 242.90 245.00
115. KM  295.10 292.60 291.60 291.90 292.40 292.30 291.00 289.20 287.40 285.60
120. KM  376.00 373.70 371.50 369.40 367.50 365.90 364.60 363.60 363.00 362.40
    
           -90    -80    -70    -60    -50    -40    -30    -20    -10    0
  
                                     L A T I T U D E
  
  
  
  
  
  
  
 
   
   
   
   
   
   
